0 
2.66289e-14 
2.66289e-14 
0 
2.66289e-14 
5.32579e-14 
1.06516e-13 
1.86402e-13 
3.19547e-13 
4.52692e-13 
6.65723e-13 
9.58641e-13 
1.35808e-12 
1.94391e-12 
2.71615e-12 
3.72805e-12 
5.08613e-12 
6.87026e-12 
9.18698e-12 
1.21428e-11 
1.59241e-11 
2.07706e-11 
2.6842e-11 
3.44312e-11 
4.39111e-11 
5.57077e-11 
7.03004e-11 
8.82216e-11 
1.10137e-10 
1.36873e-10 
1.6936e-10 
2.08664e-10 
2.56037e-10 
3.12917e-10 
3.81087e-10 
4.62438e-10 
5.59287e-10 
6.74191e-10 
8.10185e-10 
9.70731e-10 
1.15969e-09 
1.38159e-09 
1.64149e-09 
1.9453e-09 
2.29957e-09 
2.71178e-09 
3.19049e-09 
3.7452e-09 
4.38672e-09 
5.12716e-09 
5.98032e-09 
6.96149e-09 
8.08792e-09 
9.37892e-09 
1.08561e-08 
1.25434e-08 
1.44679e-08 
1.66595e-08 
1.91514e-08 
2.19807e-08 
2.51884e-08 
2.88203e-08 
3.29267e-08 
3.75634e-08 
4.27922e-08 
4.86812e-08 
5.53054e-08 
6.27475e-08 
7.10987e-08 
8.0459e-08 
9.09384e-08 
1.02658e-07 
1.15749e-07 
1.30357e-07 
1.4664e-07 
1.64773e-07 
1.84943e-07 
2.07359e-07 
2.32245e-07 
2.59848e-07 
2.90435e-07 
3.24296e-07 
3.6175e-07 
4.03139e-07 
4.48836e-07 
4.99247e-07 
5.54811e-07 
6.16003e-07 
6.83337e-07 
7.57369e-07 
8.38702e-07 
9.27985e-07 
1.02592e-06 
1.13326e-06 
1.25082e-06 
1.37949e-06 
1.5202e-06 
1.67398e-06 
1.84191e-06 
2.02518e-06 
2.22504e-06 
2.44286e-06 
2.68007e-06 
2.93825e-06 
3.21906e-06 
3.52429e-06 
3.85585e-06 
4.21579e-06 
4.60628e-06 
5.02968e-06 
5.48848e-06 
5.98533e-06 
6.52307e-06 
7.10475e-06 
7.73358e-06 
8.41299e-06 
9.14665e-06 
9.93846e-06 
1.07925e-05 
1.17133e-05 
1.27054e-05 
1.37738e-05 
1.49238e-05 
1.6161e-05 
1.74913e-05 
1.8921e-05 
2.04567e-05 
2.21054e-05 
2.38747e-05 
2.57725e-05 
2.7807e-05 
2.9987e-05 
3.2322e-05 
3.48218e-05 
3.74967e-05 
4.03576e-05 
4.34162e-05 
4.66847e-05 
5.01759e-05 
5.39033e-05 
5.78811e-05 
6.21244e-05 
6.6649e-05 
7.14714e-05 
7.66091e-05 
8.20805e-05 
8.79047e-05 
9.41021e-05 
0.000100694 
0.000107702 
0.00011515 
0.000123063 
0.000131466 
0.000140386 
0.000149851 
0.000159891 
0.000170536 
0.000181819 
0.000193774 
0.000206435 
0.000219841 
0.000234028 
0.000249038 
0.000264912 
0.000281695 
0.000299431 
0.000318169 
0.000337958 
0.00035885 
0.000380899 
0.000404161 
0.000428694 
0.00045456 
0.000481821 
0.000510543 
0.000540794 
0.000572646 
0.000606172 
0.00064145 
0.000678558 
0.000717579 
0.000758599 
0.000801706 
0.000846993 
0.000894555 
0.000944491 
0.000996903 
0.0010519 
0.00110959 
0.00117008 
0.0012335 
0.00129996 
0.00136959 
0.00144252 
0.00151889 
0.00159883 
0.00168248 
0.00177 
0.00186153 
0.00195724 
0.00205728 
0.00216182 
0.00227104 
0.00238511 
0.00250421 
0.00262853 
0.00275826 
0.00289361 
0.00303478 
0.00318197 
0.00333541 
0.00349532 
0.00366192 
0.00383545 
0.00401615 
0.00420427 
0.00440006 
0.00460377 
0.00481569 
0.00503607 
0.0052652 
0.00550337 
0.00575087 
0.00600799 
0.00627505 
0.00655237 
0.00684025 
0.00713904 
0.00744907 
0.00777067 
0.00810421 
0.00845004 
0.00880852 
0.00918002 
0.00956494 
0.00996365 
0.0103765 
0.010804 
0.0112465 
0.0117044 
0.0121782 
0.0126682 
0.013175 
0.0136989 
0.0142404 
0.0148001 
0.0153782 
0.0159754 
0.0165921 
0.0172288 
0.017886 
0.0185642 
0.019264 
0.0199857 
0.02073 
0.0214974 
0.0222885 
0.0231037 
0.0239436 
0.0248088 
0.0256998 
0.0266172 
0.0275617 
0.0285336 
0.0295337 
0.0305625 
0.0316206 
0.0327087 
0.0338272 
0.0349769 
0.0361583 
0.037372 
0.0386186 
0.0398988 
0.0412132 
0.0425623 
0.0439469 
0.0453675 
0.0468248 
0.0483193 
0.0498518 
0.0514228 
0.0530329 
0.0546828 
0.0563731 
0.0581044 
0.0598774 
0.0616926 
0.0635506 
0.0654521 
0.0673977 
0.0693879 
0.0714234 
0.0735047 
0.0756324 
0.0778072 
0.0800294 
0.0822998 
0.0846189 
0.0869871 
0.0894051 
0.0918734 
0.0943924 
0.0969627 
0.0995848 
0.102259 
0.104986 
0.107766 
0.1106 
0.113488 
0.11643 
0.119427 
0.122479 
0.125586 
0.12875 
0.13197 
0.135246 
0.138579 
0.141968 
0.145416 
0.14892 
0.152483 
0.156103 
0.159781 
0.163517 
0.167312 
0.171164 
0.175075 
0.179045 
0.183073 
0.187159 
0.191303 
0.195506 
0.199767 
0.204086 
0.208462 
0.212896 
0.217387 
0.221936 
0.226541 
0.231202 
0.23592 
0.240693 
0.245522 
0.250405 
0.255343 
0.260334 
0.265379 
0.270476 
0.275625 
0.280825 
0.286076 
0.291377 
0.296727 
0.302125 
0.30757 
0.313062 
0.3186 
0.324182 
0.329808 
0.335477 
0.341187 
0.346937 
0.352727 
0.358555 
0.36442 
0.37032 
0.376255 
0.382223 
0.388223 
0.394253 
0.400313 
0.406399 
0.412512 
0.418649 
0.424809 
0.430991 
0.437192 
0.443412 
0.449648 
0.455898 
0.462162 
0.468437 
0.474722 
0.481015 
0.487313 
0.493615 
0.49992 
0.506225 
0.512528 
0.518827 
0.525121 
0.531408 
0.537685 
0.54395 
0.550202 
0.556438 
0.562657 
0.568856 
0.575033 
0.581186 
0.587313 
0.593412 
0.599481 
0.605518 
0.611521 
0.617486 
0.623414 
0.6293 
0.635144 
0.640943 
0.646694 
0.652397 
0.658048 
0.663647 
0.66919 
0.674675 
0.680101 
0.685466 
0.690768 
0.696004 
0.701173 
0.706272 
0.711301 
0.716256 
0.721137 
0.725941 
0.730667 
0.735312 
0.739876 
0.744355 
0.74875 
0.753058 
0.757277 
0.761406 
0.765444 
0.769389 
0.77324 
0.776995 
0.780652 
0.784212 
0.787672 
0.791032 
0.79429 
0.797445 
0.800496 
0.803443 
0.806284 
0.809019 
0.811646 
0.814166 
0.816577 
0.818879 
0.821072 
0.823154 
0.825126 
0.826987 
0.828737 
0.830376 
0.831904 
0.83332 
0.834624 
0.835818 
0.8369 
0.837871 
0.838731 
0.839481 
0.840122 
0.840652 
0.841074 
0.841388 
0.841594 
0.841693 
0.841686 
0.841574 
0.841359 
0.84104 
0.840619 
0.840097 
0.839476 
0.838757 
0.83794 
0.837029 
0.836023 
0.834925 
0.833736 
0.832458 
0.831093 
0.829642 
0.828107 
0.826491 
0.824794 
0.82302 
0.82117 
0.819247 
0.817251 
0.815187 
0.813055 
0.810858 
0.808599 
0.80628 
0.803903 
0.801471 
0.798987 
0.796452 
0.793869 
0.791241 
0.78857 
0.78586 
0.783112 
0.78033 
0.777515 
0.774672 
0.771802 
0.768908 
0.765992 
0.763059 
0.76011 
0.757148 
0.754175 
0.751196 
0.748211 
0.745225 
0.742239 
0.739257 
0.736281 
0.733314 
0.730358 
0.727416 
0.724491 
0.721585 
0.718701 
0.715841 
0.713008 
0.710205 
0.707433 
0.704695 
0.701993 
0.69933 
0.696708 
0.69413 
0.691596 
0.68911 
0.686673 
0.684288 
0.681956 
0.679679 
0.67746 
0.675299 
0.673199 
0.671161 
0.669186 
0.667277 
0.665435 
0.66366 
0.661955 
0.66032 
0.658757 
0.657267 
0.65585 
0.654508 
0.653241 
0.652051 
0.650938 
0.649902 
0.648944 
0.648064 
0.647264 
0.646543 
0.645901 
0.645338 
0.644856 
0.644452 
0.644129 
0.643884 
0.643719 
0.643632 
0.643623 
0.643692 
0.643839 
0.644062 
0.64436 
0.644734 
0.645182 
0.645703 
0.646297 
0.646961 
0.647696 
0.648499 
0.64937 
0.650307 
0.651309 
0.652374 
0.653501 
0.654688 
0.655934 
0.657236 
0.658594 
0.660005 
0.661468 
0.66298 
0.66454 
0.666146 
0.667796 
0.669487 
0.671218 
0.672987 
0.674791 
0.676628 
0.678497 
0.680394 
0.682318 
0.684266 
0.686237 
0.688227 
0.690235 
0.692259 
0.694295 
0.696343 
0.698398 
0.70046 
0.702526 
0.704593 
0.70666 
0.708724 
0.710783 
0.712834 
0.714876 
0.716906 
0.718922 
0.720922 
0.722904 
0.724866 
0.726806 
0.728722 
0.730612 
0.732473 
0.734305 
0.736105 
0.737872 
0.739603 
0.741297 
0.742953 
0.744569 
0.746144 
0.747675 
0.749162 
0.750603 
0.751997 
0.753343 
0.754639 
0.755885 
0.75708 
0.758222 
0.75931 
0.760345 
0.761324 
0.762248 
0.763116 
0.763927 
0.764681 
0.765377 
0.766015 
0.766595 
0.767117 
0.76758 
0.767985 
0.768332 
0.76862 
0.768849 
0.769021 
0.769136 
0.769193 
0.769193 
0.769137 
0.769026 
0.768859 
0.768638 
0.768364 
0.768037 
0.767658 
0.767228 
0.766749 
0.766221 
0.765645 
0.765023 
0.764356 
0.763645 
0.762891 
0.762096 
0.761262 
0.760389 
0.759479 
0.758534 
0.757555 
0.756544 
0.755503 
0.754433 
0.753335 
0.752212 
0.751066 
0.749897 
0.748709 
0.747502 
0.746278 
0.745039 
0.743787 
0.742524 
0.741252 
0.739971 
0.738685 
0.737395 
0.736103 
0.73481 
0.733518 
0.732229 
0.730944 
0.729666 
0.728396 
0.727135 
0.725886 
0.724649 
0.723427 
0.72222 
0.721031 
0.719861 
0.71871 
0.717581 
0.716474 
0.715392 
0.714334 
0.713303 
0.712298 
0.711323 
0.710376 
0.70946 
0.708574 
0.707721 
0.706899 
0.706111 
0.705357 
0.704637 
0.703952 
0.703301 
0.702686 
0.702107 
0.701564 
0.701056 
0.700584 
0.700149 
0.699749 
0.699385 
0.699056 
0.698763 
0.698504 
0.698279 
0.698088 
0.697931 
0.697806 
0.697712 
0.69765 
0.697618 
0.697615 
0.697641 
0.697694 
0.697773 
0.697878 
0.698006 
0.698158 
0.69833 
0.698523 
0.698735 
0.698964 
0.699209 
0.699468 
0.699741 
0.700025 
0.700319 
0.700621 
0.70093 
0.701245 
0.701562 
0.701882 
0.702202 
0.70252 
0.702835 
0.703146 
0.703451 
0.703747 
0.704035 
0.704311 
0.704575 
0.704825 
0.705059 
0.705276 
0.705476 
0.705655 
0.705814 
0.705951 
0.706065 
0.706154 
0.706219 
0.706257 
0.706268 
0.706252 
0.706207 
0.706134 
0.706031 
0.705899 
0.705736 
0.705544 
0.705321 
0.705069 
0.704788 
0.704477 
0.704137 
0.703769 
0.703375 
0.702954 
0.702508 
0.702039 
0.701547 
0.701035 
0.700504 
0.699956 
0.699393 
0.698818 
0.698233 
0.697642 
0.697046 
0.696449 
0.695854 
0.695265 
0.694685 
0.694118 
0.693569 
0.693042 
0.69254 
0.69207 
0.691635 
0.691242 
0.690894 
0.690599 
0.690361 
0.690186 
0.690081 
0.690053 
0.690107 
0.69025 
0.69049 
0.690833 
0.691288 
0.691861 
0.69256 
0.693393 
0.694369 
0.695495 
0.696781 
0.698234 
0.699863 
0.701678 
0.703687 
0.7059 
0.708325 
0.710973 
0.713853 
0.716974 
0.720346 
0.723979 
0.727884 
0.732069 
0.736544 
0.741321 
0.746409 
0.751817 
0.757556 
0.763636 
0.770068 
0.77686 
0.784022 
0.791565 
0.799499 
0.807832 
0.816574 
0.825735 
0.835324 
0.84535 
0.85582 
0.866745 
0.878132 
0.88999 
0.902326 
0.915147 
0.928462 
0.942276 
0.956597 
0.971431 
0.986782 
1.00266 
1.01906 
1.036 
1.05347 
1.07149 
1.09005 
1.10916 
1.12881 
1.14902 
1.16978 
1.19109 
1.21295 
1.23536 
1.25833 
1.28184 
1.30589 
1.33049 
1.35563 
1.3813 
1.40749 
1.43421 
1.46145 
1.48919 
1.51744 
1.54617 
1.57539 
1.60508 
1.63523 
1.66583 
1.69687 
1.72834 
1.76021 
1.79249 
1.82514 
1.85816 
1.89153 
1.92523 
1.95925 
1.99357 
2.02816 
2.06301 
2.09811 
2.13342 
2.16892 
2.20461 
2.24044 
2.27641 
2.31249 
2.34865 
2.38487 
2.42113 
2.4574 
2.49366 
2.52988 
2.56604 
2.60211 
2.63806 
2.67388 
2.70953 
2.74498 
2.78022 
2.81522 
2.84994 
2.88437 
2.91848 
2.95224 
2.98563 
3.01862 
3.05118 
3.0833 
3.11494 
3.14609 
3.17672 
3.2068 
3.23632 
3.26524 
3.29356 
3.32124 
3.34828 
3.37464 
3.40031 
3.42526 
3.44949 
3.47298 
3.4957 
3.51765 
3.5388 
3.55915 
3.57868 
3.59738 
3.61524 
3.63225 
3.6484 
3.66367 
3.67807 
3.69159 
3.70422 
3.71596 
3.7268 
3.73675 
3.74579 
3.75394 
3.76119 
3.76754 
3.773 
3.77757 
3.78126 
3.78407 
3.78601 
3.78709 
3.78732 
3.7867 
3.78525 
3.78298 
3.77991 
3.77604 
3.7714 
3.76599 
3.75984 
3.75296 
3.74537 
3.73709 
3.72814 
3.71854 
3.70831 
3.69748 
3.68606 
3.67408 
3.66156 
3.64852 
3.635 
3.62102 
3.6066 
3.59176 
3.57654 
3.56097 
3.54506 
3.52884 
3.51235 
3.49561 
3.47864 
3.46148 
3.44416 
3.42669 
3.40911 
3.39145 
3.37374 
3.35599 
3.33824 
3.32052 
3.30285 
3.28526 
3.26777 
3.25041 
3.2332 
3.21618 
3.19935 
3.18276 
3.16641 
3.15034 
3.13457 
3.11911 
3.10398 
3.08922 
3.07483 
3.06083 
3.04725 
3.0341 
3.02139 
3.00914 
2.99737 
2.98609 
2.97531 
2.96505 
2.95531 
2.94611 
2.93745 
2.92934 
2.9218 
2.91482 
2.90842 
2.90259 
2.89734 
2.89268 
2.8886 
2.88511 
2.88221 
2.87989 
2.87816 
2.87701 
2.87643 
2.87643 
2.877 
2.87813 
2.87982 
2.88205 
2.88482 
2.88813 
2.89195 
2.89628 
2.90111 
2.90643 
2.91222 
2.91847 
2.92517 
2.9323 
2.93984 
2.94779 
2.95612 
2.96482 
2.97387 
2.98325 
2.99295 
3.00295 
3.01323 
3.02376 
3.03454 
3.04555 
3.05675 
3.06815 
3.0797 
3.0914 
3.10322 
3.11515 
3.12717 
3.13925 
3.15137 
3.16352 
3.17568 
3.18782 
3.19994 
3.212 
3.22398 
3.23589 
3.24768 
3.25935 
3.27088 
3.28224 
3.29343 
3.30443 
3.31522 
3.32578 
3.33611 
3.34618 
3.35598 
3.3655 
3.37472 
3.38364 
3.39224 
3.4005 
3.40843 
3.41601 
3.42322 
3.43007 
3.43654 
3.44263 
3.44832 
3.45362 
3.45851 
3.463 
3.46707 
3.47073 
3.47398 
3.4768 
3.4792 
3.48119 
3.48275 
3.48389 
3.48461 
3.48491 
3.4848 
3.48429 
3.48336 
3.48203 
3.48031 
3.47819 
3.4757 
3.47282 
3.46958 
3.46597 
3.46202 
3.45771 
3.45308 
3.44813 
3.44286 
3.43729 
3.43143 
3.42529 
3.41889 
3.41223 
3.40534 
3.39822 
3.39088 
3.38335 
3.37563 
3.36774 
3.3597 
3.35151 
3.3432 
3.33478 
3.32626 
3.31765 
3.30898 
3.30026 
3.29151 
3.28273 
3.27394 
3.26516 
3.25641 
3.24769 
3.23903 
3.23043 
3.22191 
3.21348 
3.20517 
3.19697 
3.18891 
3.181 
3.17324 
3.16566 
3.15825 
3.15105 
3.14404 
3.13726 
3.13069 
3.12437 
3.11828 
3.11245 
3.10688 
3.10158 
3.09655 
3.09181 
3.08735 
3.08318 
3.07932 
3.07576 
3.0725 
3.06956 
3.06692 
3.06461 
3.06261 
3.06092 
3.05956 
3.05852 
3.05779 
3.05738 
3.05729 
3.0575 
3.05803 
3.05887 
3.06001 
3.06146 
3.06319 
3.06522 
3.06753 
3.07012 
3.07298 
3.0761 
3.07949 
3.08312 
3.087 
3.09111 
3.09544 
3.09999 
3.10474 
3.10969 
3.11483 
3.12014 
3.12562 
3.13126 
3.13703 
3.14294 
3.14898 
3.15512 
3.16136 
3.16769 
3.1741 
3.18057 
3.18709 
3.19365 
3.20024 
3.20685 
3.21346 
3.22007 
3.22666 
3.23322 
3.23974 
3.24621 
3.25262 
3.25895 
3.2652 
3.27136 
3.27742 
3.28335 
3.28917 
3.29485 
3.3004 
3.30579 
3.31102 
3.31609 
3.32098 
3.32569 
3.33021 
3.33453 
3.33865 
3.34257 
3.34627 
3.34975 
3.35301 
3.35605 
3.35885 
3.36142 
3.36375 
3.36584 
3.36769 
3.36929 
3.37066 
3.37177 
3.37264 
3.37327 
3.37365 
3.37379 
3.37368 
3.37333 
3.37275 
3.37193 
3.37087 
3.36959 
3.36808 
3.36635 
3.3644 
3.36225 
3.35988 
3.35731 
3.35455 
3.3516 
3.34847 
3.34516 
3.34168 
3.33804 
3.33424 
3.3303 
3.32622 
3.32202 
3.31769 
3.31324 
3.3087 
3.30405 
3.29932 
3.29452 
3.28964 
3.2847 
3.27972 
3.27469 
3.26963 
3.26455 
3.25946 
3.25436 
3.24927 
3.24419 
3.23913 
3.23411 
3.22912 
3.22419 
3.21932 
3.21451 
3.20977 
3.20512 
3.20056 
3.1961 
3.19174 
3.1875 
3.18337 
3.17938 
3.17551 
3.17178 
3.1682 
3.16477 
3.16149 
3.15837 
3.15542 
3.15263 
3.15002 
3.14759 
3.14533 
3.14325 
3.14137 
3.13966 
3.13815 
3.13683 
3.13569 
3.13475 
3.13401 
3.13345 
3.13309 
3.13292 
3.13294 
3.13314 
3.13354 
3.13412 
3.13488 
3.13583 
3.13695 
3.13825 
3.13971 
3.14135 
3.14314 
3.1451 
3.1472 
3.14946 
3.15186 
3.15439 
3.15706 
3.15986 
3.16278 
3.16581 
3.16894 
3.17218 
3.17552 
3.17894 
3.18244 
3.18602 
3.18966 
3.19336 
3.19712 
3.20092 
3.20475 
3.20862 
3.21251 
3.21642 
3.22033 
3.22425 
3.22815 
3.23205 
3.23592 
3.23977 
3.24358 
3.24735 
3.25107 
3.25474 
3.25834 
3.26188 
3.26534 
3.26872 
3.27202 
3.27522 
3.27833 
3.28134 
3.28424 
3.28703 
3.28971 
3.29226 
3.29469 
3.29699 
3.29916 
3.3012 
3.3031 
3.30486 
3.30647 
3.30795 
3.30927 
3.31045 
3.31148 
3.31236 
3.31309 
3.31366 
3.31409 
3.31437 
3.31449 
3.31447 
3.31429 
3.31397 
3.3135 
3.31289 
3.31214 
3.31124 
3.31021 
3.30905 
3.30775 
3.30633 
3.30478 
3.30311 
3.30132 
3.29942 
3.29741 
3.2953 
3.29308 
3.29078 
3.28838 
3.2859 
3.28334 
3.2807 
3.278 
3.27523 
3.2724 
3.26952 
3.2666 
3.26364 
3.26064 
3.25761 
3.25456 
3.25149 
3.24841 
3.24533 
3.24224 
3.23916 
3.2361 
3.23305 
3.23002 
3.22703 
3.22407 
3.22114 
3.21827 
3.21544 
3.21267 
3.20996 
3.20731 
3.20473 
3.20223 
3.1998 
3.19746 
3.1952 
3.19303 
3.19095 
3.18897 
3.18709 
3.18531 
3.18364 
3.18207 
3.18061 
3.17927 
3.17804 
3.17692 
3.17592 
3.17504 
3.17427 
3.17362 
3.1731 
3.17269 
3.1724 
3.17223 
3.17217 
3.17224 
3.17242 
3.17272 
3.17313 
3.17366 
3.17429 
3.17503 
3.17588 
3.17683 
3.17789 
3.17904 
3.18029 
3.18163 
3.18306 
3.18458 
3.18617 
3.18785 
3.1896 
3.19142 
3.19331 
3.19526 
3.19727 
3.19933 
3.20144 
3.2036 
3.2058 
3.20803 
3.21029 
3.21258 
3.21489 
3.21722 
3.21956 
3.22191 
3.22426 
3.22661 
3.22895 
3.23128 
3.2336 
3.2359 
3.23817 
3.24041 
3.24262 
3.2448 
3.24693 
3.24902 
3.25105 
3.25304 
3.25497 
3.25684 
3.25865 
3.26039 
3.26206 
3.26366 
3.26519 
3.26664 
3.268 
3.26929 
3.2705 
3.27161 
3.27264 
3.27359 
3.27444 
3.2752 
3.27587 
3.27644 
3.27693 
3.27732 
3.27761 
3.27781 
3.27792 
3.27794 
3.27786 
3.27769 
3.27743 
3.27708 
3.27664 
3.27612 
3.2755 
3.27481 
3.27403 
3.27317 
3.27224 
3.27123 
3.27015 
3.269 
3.26778 
3.26649 
3.26515 
3.26374 
3.26228 
3.26077 
3.25921 
3.2576 
3.25596 
3.25427 
3.25255 
3.2508 
3.24902 
3.24722 
3.2454 
3.24356 
3.24171 
3.23985 
3.23799 
3.23612 
3.23426 
3.23241 
3.23056 
3.22873 
3.22692 
3.22512 
3.22336 
3.22162 
3.21991 
3.21823 
3.21659 
3.21499 
3.21344 
3.21193 
3.21047 
3.20906 
3.20771 
3.20641 
3.20517 
3.20399 
3.20288 
3.20183 
3.20084 
3.19992 
3.19907 
3.1983 
3.19759 
3.19695 
3.19639 
3.1959 
3.19549 
3.19515 
3.19489 
3.1947 
3.19458 
3.19454 
3.19457 
3.19468 
3.19486 
3.19511 
3.19543 
3.19582 
3.19627 
3.1968 
3.19739 
3.19804 
3.19875 
3.19953 
3.20036 
3.20125 
3.20219 
3.20318 
3.20422 
3.2053 
3.20643 
3.2076 
3.20881 
3.21005 
3.21132 
3.21263 
3.21396 
3.21531 
3.21669 
3.21808 
3.21948 
3.2209 
3.22232 
3.22375 
3.22518 
3.22661 
3.22804 
3.22946 
3.23087 
3.23226 
3.23364 
3.235 
3.23634 
3.23765 
3.23894 
3.24019 
3.24142 
3.24261 
3.24376 
3.24487 
3.24595 
3.24697 
3.24796 
3.24889 
3.24978 
3.25061 
3.25139 
3.25212 
3.25279 
3.25341 
3.25397 
3.25447 
3.25492 
3.2553 
3.25562 
3.25588 
3.25608 
3.25622 
3.2563 
3.25632 
3.25628 
3.25617 
3.25601 
3.25579 
3.2555 
3.25516 
3.25477 
3.25432 
3.25381 
3.25325 
3.25264 
3.25198 
3.25127 
3.25051 
3.24971 
3.24886 
3.24798 
3.24705 
3.24609 
3.24509 
3.24406 
3.243 
3.24191 
3.24079 
3.23965 
3.23849 
3.23732 
3.23612 
3.23492 
3.2337 
3.23248 
3.23125 
3.23002 
3.22878 
3.22755 
3.22633 
3.22511 
3.22391 
3.22271 
3.22153 
3.22037 
3.21923 
3.21811 
3.21702 
3.21595 
3.21491 
3.2139 
3.21293 
3.21199 
3.21108 
3.21022 
3.20939 
3.20861 
3.20787 
3.20717 
3.20652 
3.20591 
3.20536 
3.20485 
3.20439 
3.20398 
3.20363 
3.20332 
3.20307 
3.20287 
3.20272 
3.20262 
3.20258 
3.20259 
3.20265 
3.20276 
3.20293 
3.20314 
3.20341 
3.20372 
3.20408 
3.20449 
3.20494 
3.20544 
3.20599 
3.20657 
3.2072 
3.20786 
3.20857 
3.20931 
3.21008 
3.21088 
3.21172 
3.21258 
3.21347 
3.21439 
3.21532 
3.21628 
3.21725 
3.21824 
3.21925 
3.22026 
3.22129 
3.22232 
3.22335 
3.22439 
3.22542 
3.22645 
3.22748 
3.2285 
3.22951 
3.23051 
3.2315 
3.23247 
3.23342 
3.23435 
3.23526 
3.23615 
3.237 
3.23783 
3.23863 
3.2394 
3.24014 
3.24084 
3.24151 
3.24213 
3.24272 
3.24327 
3.24378 
3.24424 
3.24466 
3.24504 
3.24537 
3.24566 
3.2459 
3.24609 
3.24623 
3.24633 
3.24638 
3.24638 
3.24634 
3.24625 
3.24611 
3.24592 
3.24568 
3.2454 
3.24508 
3.2447 
3.24429 
3.24383 
3.24333 
3.24279 
3.2422 
3.24158 
3.24092 
3.24023 
3.2395 
3.23874 
3.23795 
3.23712 
3.23627 
3.23539 
3.23449 
3.23356 
3.23262 
3.23165 
3.23067 
3.22968 
3.22867 
3.22765 
3.22662 
3.22559 
3.22455 
3.22351 
3.22247 
3.22144 
3.2204 
3.21938 
3.21836 
3.21735 
3.21636 
3.21538 
3.21441 
3.21347 
3.21254 
3.21164 
3.21076 
3.20991 
3.20909 
3.20829 
3.20753 
3.2068 
3.2061 
3.20544 
3.20481 
3.20422 
3.20367 
3.20317 
3.2027 
3.20227 
3.20189 
3.20154 
3.20125 
3.20099 
3.20079 
3.20062 
3.2005 
3.20043 
3.20041 
3.20043 
3.20049 
3.2006 
3.20075 
3.20095 
3.20119 
3.20148 
3.20181 
3.20218 
3.20259 
3.20304 
3.20353 
3.20406 
3.20463 
3.20523 
3.20586 
3.20653 
3.20723 
3.20796 
3.20871 
3.2095 
3.2103 
3.21113 
3.21199 
3.21286 
3.21375 
3.21465 
3.21557 
3.2165 
3.21744 
3.21839 
3.21935 
3.2203 
3.22126 
3.22222 
3.22318 
3.22413 
3.22508 
3.22602 
3.22695 
3.22786 
3.22876 
3.22965 
3.23051 
3.23136 
3.23219 
3.23299 
3.23377 
3.23452 
3.23525 
3.23594 
3.2366 
3.23723 
3.23783 
3.23839 
3.23892 
3.2394 
3.23985 
3.24026 
3.24063 
3.24096 
3.24125 
3.2415 
3.2417 
3.24186 
3.24197 
3.24205 
3.24207 
3.24206 
3.242 
3.24189 
3.24175 
3.24156 
3.24132 
3.24104 
3.24072 
3.24036 
3.23996 
3.23952 
3.23904 
3.23852 
3.23796 
3.23737 
3.23674 
3.23608 
3.23539 
3.23466 
3.23391 
3.23312 
3.23231 
3.23148 
3.23062 
3.22974 
3.22884 
3.22792 
3.22698 
3.22603 
3.22507 
3.22409 
3.22311 
3.22212 
3.22112 
3.22012 
3.21912 
3.21812 
3.21713 
3.21613 
3.21515 
3.21417 
3.2132 
3.21224 
3.2113 
3.21037 
3.20946 
3.20857 
3.2077 
3.20685 
3.20602 
3.20523 
3.20445 
3.20371 
3.203 
3.20231 
3.20166 
3.20105 
3.20047 
3.19992 
3.19941 
3.19894 
3.1985 
3.19811 
3.19776 
3.19744 
3.19717 
3.19694 
3.19675 
3.1966 
3.19649 
3.19643 
3.19641 
3.19643 
3.19649 
3.1966 
3.19674 
3.19693 
3.19716 
3.19743 
3.19774 
3.19808 
3.19846 
3.19889 
3.19934 
3.19983 
3.20036 
3.20092 
3.20151 
3.20213 
3.20278 
3.20345 
3.20416 
3.20488 
3.20564 
3.20641 
3.2072 
3.20801 
3.20884 
3.20968 
3.21054 
3.2114 
3.21228 
3.21317 
3.21406 
3.21495 
3.21585 
3.21675 
3.21765 
3.21854 
3.21943 
3.22031 
3.22119 
3.22205 
3.2229 
3.22374 
3.22457 
3.22537 
3.22616 
3.22693 
3.22768 
3.2284 
3.2291 
3.22978 
3.23042 
3.23104 
3.23163 
3.23219 
3.23272 
3.23321 
3.23367 
3.2341 
3.23449 
3.23484 
3.23516 
3.23544 
3.23568 
3.23589 
3.23605 
3.23618 
3.23626 
3.23631 
3.23632 
3.23629 
3.23621 
3.2361 
3.23595 
3.23577 
3.23554 
3.23528 
3.23498 
3.23464 
3.23426 
3.23385 
3.23341 
3.23293 
3.23243 
3.23188 
3.23131 
3.23071 
3.23008 
3.22943 
3.22875 
3.22804 
3.22731 
3.22656 
3.22579 
3.225 
3.2242 
3.22337 
3.22254 
3.22169 
3.22083 
3.21996 
3.21909 
3.21821 
3.21732 
3.21643 
3.21554 
3.21465 
3.21377 
3.21288 
3.21201 
3.21114 
3.21028 
3.20943 
3.20859 
3.20776 
3.20695 
3.20616 
3.20538 
3.20463 
3.20389 
3.20318 
3.20249 
3.20182 
3.20118 
3.20056 
3.19998 
3.19942 
3.19889 
3.19839 
3.19792 
3.19748 
3.19708 
3.19671 
3.19637 
3.19607 
3.1958 
3.19557 
3.19537 
3.1952 
3.19508 
3.19498 
3.19493 
3.1949 
3.19492 
3.19497 
3.19505 
3.19517 
3.19532 
3.19551 
3.19572 
3.19597 
3.19626 
3.19657 
3.19691 
3.19729 
3.19769 
3.19812 
3.19857 
3.19905 
3.19956 
3.20008 
3.20063 
3.20121 
3.2018 
3.20241 
3.20303 
3.20367 
3.20433 
3.205 
3.20568 
3.20637 
3.20707 
3.20778 
3.20849 
3.20921 
3.20993 
3.21065 
3.21137 
3.21209 
3.21281 
3.21352 
3.21423 
3.21493 
3.21562 
3.2163 
3.21697 
3.21763 
3.21827 
3.2189 
3.21951 
3.22011 
3.22068 
3.22124 
3.22178 
3.22229 
3.22279 
3.22325 
3.2237 
3.22412 
3.22451 
3.22488 
3.22522 
3.22553 
3.22581 
3.22607 
3.22629 
3.22649 
3.22665 
3.22679 
3.22689 
3.22697 
3.22701 
3.22703 
3.22701 
3.22697 
3.22689 
3.22678 
3.22665 
3.22648 
3.22629 
3.22606 
3.22581 
3.22553 
3.22523 
3.2249 
3.22454 
3.22416 
3.22376 
3.22333 
3.22289 
3.22242 
3.22193 
3.22142 
3.22089 
3.22034 
3.21978 
3.21921 
3.21862 
3.21802 
3.21741 
3.21678 
3.21615 
3.21551 
3.21487 
3.21421 
3.21356 
3.2129 
3.21224 
3.21158 
3.21092 
3.21026 
3.2096 
3.20895 
3.20831 
3.20767 
3.20704 
3.20641 
3.2058 
3.2052 
3.20461 
3.20404 
3.20347 
3.20293 
3.2024 
3.20188 
3.20139 
3.20091 
3.20045 
3.20001 
3.19959 
3.19919 
3.19882 
3.19846 
3.19813 
3.19782 
3.19754 
3.19728 
3.19704 
3.19683 
3.19664 
3.19648 
3.19634 
3.19623 
3.19614 
3.19608 
3.19604 
3.19602 
3.19603 
3.19607 
3.19612 
3.1962 
3.19631 
3.19643 
3.19658 
3.19675 
3.19694 
3.19715 
3.19739 
3.19764 
3.1979 
3.19819 
3.19849 
3.19881 
3.19915 
3.1995 
3.19986 
3.20024 
3.20063 
3.20102 
3.20143 
3.20185 
3.20228 
3.20271 
3.20315 
3.2036 
3.20404 
3.2045 
3.20495 
3.20541 
3.20586 
3.20632 
3.20677 
3.20722 
3.20767 
3.20812 
3.20855 
3.20899 
3.20941 
3.20983 
3.21023 
3.21063 
3.21102 
3.2114 
3.21176 
3.21211 
3.21245 
3.21278 
3.21309 
3.21339 
3.21367 
3.21393 
3.21418 
3.21441 
3.21462 
3.21482 
3.215 
3.21516 
3.2153 
3.21542 
3.21553 
3.21561 
3.21568 
3.21572 
3.21575 
3.21576 
3.21575 
3.21572 
3.21568 
3.21561 
3.21553 
3.21543 
3.21531 
3.21517 
3.21502 
3.21485 
3.21467 
3.21447 
3.21425 
3.21402 
3.21377 
3.21352 
3.21325 
3.21296 
3.21267 
3.21236 
3.21205 
3.21172 
3.21139 
3.21104 
3.21069 
3.21034 
3.20997 
3.2096 
3.20923 
3.20885 
3.20847 
3.20809 
3.20771 
3.20732 
3.20694 
3.20656 
3.20617 
3.20579 
3.20541 
3.20504 
3.20467 
3.20431 
3.20395 
3.20359 
3.20325 
3.20291 
3.20257 
3.20225 
3.20194 
3.20163 
3.20134 
3.20105 
3.20078 
3.20052 
3.20027 
3.20003 
3.1998 
3.19959 
3.19939 
3.1992 
3.19902 
3.19886 
3.19871 
3.19858 
3.19846 
3.19835 
3.19825 
3.19817 
3.19811 
3.19805 
3.19801 
3.19799 
3.19797 
3.19797 
3.19799 
3.19801 
3.19805 
3.1981 
3.19816 
3.19823 
3.19831 
3.1984 
3.19851 
3.19862 
3.19874 
3.19887 
3.19901 
3.19916 
3.19931 
3.19947 
3.19964 
3.19981 
3.19999 
3.20017 
3.20036 
3.20055 
3.20074 
3.20094 
3.20113 
3.20133 
3.20153 
3.20173 
3.20193 
3.20213 
3.20233 
3.20252 
3.20271 
3.2029 
3.20309 
3.20327 
3.20345 
3.20362 
3.20379 
3.20395 
3.20411 
3.20426 
3.2044 
3.20454 
3.20467 
3.20479 
3.2049 
3.205 
3.2051 
3.20519 
3.20526 
3.20533 
3.20539 
3.20544 
3.20548 
3.20551 
3.20553 
3.20554 
3.20555 
3.20554 
3.20552 
3.20549 
3.20546 
3.20541 
3.20535 
3.20529 
3.20522 
3.20513 
3.20504 
3.20495 
3.20484 
3.20472 
3.2046 
3.20447 
3.20434 
3.20419 
3.20405 
3.20389 
3.20373 
3.20357 
3.2034 
3.20323 
3.20305 
3.20287 
3.20268 
3.2025 
3.20231 
3.20212 
3.20193 
3.20174 
3.20154 
3.20135 
3.20116 
3.20097 
3.20078 
3.20059 
3.2004 
3.20022 
3.20004 
3.19986 
3.19969 
3.19952 
3.19936 
3.1992 
3.19904 
3.19889 
3.19875 
3.19861 
3.19848 
3.19835 
3.19823 
3.19812 
3.19801 
3.19792 
3.19783 
3.19774 
3.19767 
3.1976 
3.19754 
3.19749 
3.19744 
3.19741 
3.19738 
3.19736 
3.19734 
3.19734 
3.19734 
3.19735 
3.19737 
3.19739 
3.19742 
3.19746 
3.1975 
3.19756 
3.19761 
3.19768 
3.19775 
3.19782 
3.1979 
3.19798 
3.19807 
3.19816 
3.19826 
3.19836 
3.19846 
3.19857 
3.19868 
3.19879 
3.1989 
3.19901 
3.19913 
3.19924 
3.19936 
3.19947 
3.19958 
3.1997 
3.19981 
3.19991 
3.20002 
3.20012 
3.20022 
3.20032 
3.20041 
3.2005 
3.20059 
3.20067 
3.20074 
3.20081 
3.20087 
3.20093 
3.20098 
3.20102 
3.20106 
3.20109 
3.20112 
3.20113 
3.20114 
3.20114 
3.20113 
3.20112 
3.20109 
3.20106 
3.20102 
3.20098 
3.20092 
3.20085 
3.20078 
3.2007 
3.20061 
3.20052 
3.20041 
3.2003 
3.20018 
3.20005 
3.19992 
3.19977 
3.19962 
3.19947 
3.19931 
3.19914 
3.19896 
3.19878 
3.1986 
3.19841 
3.19821 
3.19802 
3.19781 
3.19761 
3.1974 
3.19718 
3.19697 
3.19675 
3.19653 
3.19631 
3.19609 
3.19587 
3.19565 
3.19543 
3.19521 
3.195 
3.19478 
3.19457 
3.19435 
3.19415 
3.19394 
3.19374 
3.19354 
3.19335 
3.19317 
3.19298 
3.19281 
3.19264 
3.19248 
3.19232 
3.19217 
3.19203 
3.1919 
3.19177 
3.19165 
3.19154 
3.19144 
3.19135 
3.19127 
3.19119 
3.19113 
3.19107 
3.19103 
3.19099 
3.19097 
3.19095 
3.19094 
3.19095 
3.19096 
3.19098 
3.19102 
3.19106 
3.19111 
3.19117 
3.19124 
3.19132 
3.19141 
3.1915 
3.19161 
3.19172 
3.19184 
3.19197 
3.1921 
3.19225 
3.19239 
3.19255 
3.19271 
3.19288 
3.19305 
3.19323 
3.19341 
3.19359 
3.19378 
3.19397 
3.19417 
3.19436 
3.19456 
3.19476 
3.19496 
3.19516 
3.19536 
3.19556 
3.19576 
3.19596 
3.19615 
3.19635 
3.19654 
3.19672 
3.1969 
3.19708 
3.19725 
3.19742 
3.19758 
3.19774 
3.19789 
3.19803 
3.19816 
3.19829 
3.19841 
3.19852 
3.19862 
3.19871 
3.1988 
3.19887 
3.19893 
3.19899 
3.19903 
3.19907 
3.19909 
3.1991 
3.1991 
3.19909 
3.19907 
3.19904 
3.19899 
3.19894 
3.19887 
3.1988 
3.19871 
3.19861 
3.1985 
3.19838 
3.19825 
3.1981 
3.19795 
3.19779 
3.19761 
3.19743 
3.19724 
3.19704 
3.19683 
3.19661 
3.19638 
3.19615 
3.1959 
3.19565 
3.1954 
3.19513 
3.19487 
3.19459 
3.19431 
3.19403 
3.19374 
3.19345 
3.19315 
3.19286 
3.19256 
3.19226 
3.19195 
3.19165 
3.19135 
3.19105 
3.19075 
3.19045 
3.19015 
3.18985 
3.18956 
3.18927 
3.18898 
3.1887 
3.18843 
3.18816 
3.18789 
3.18764 
3.18738 
3.18714 
3.1869 
3.18667 
3.18645 
3.18624 
3.18604 
3.18585 
3.18566 
3.18549 
3.18533 
3.18518 
3.18503 
3.1849 
3.18478 
3.18468 
3.18458 
3.18449 
3.18442 
3.18436 
3.18431 
3.18427 
3.18425 
3.18423 
3.18423 
3.18424 
3.18426 
3.1843 
3.18434 
3.1844 
3.18447 
3.18455 
3.18464 
3.18474 
3.18485 
3.18497 
3.1851 
3.18524 
3.18539 
3.18555 
3.18572 
3.1859 
3.18608 
3.18627 
3.18647 
3.18667 
3.18688 
3.1871 
3.18732 
3.18755 
3.18778 
3.18801 
3.18825 
3.18849 
3.18873 
3.18897 
3.18922 
3.18946 
3.18971 
3.18995 
3.1902 
3.19044 
3.19068 
3.19092 
3.19115 
3.19139 
3.19161 
3.19184 
3.19206 
3.19227 
3.19248 
3.19268 
3.19287 
3.19306 
3.19324 
3.19341 
3.19357 
3.19373 
3.19388 
3.19401 
3.19414 
3.19426 
3.19436 
3.19446 
3.19455 
3.19462 
3.19468 
3.19474 
3.19478 
3.19481 
3.19483 
3.19483 
3.19483 
3.19481 
3.19478 
3.19474 
3.19469 
3.19463 
3.19455 
3.19446 
3.19436 
3.19425 
3.19413 
3.194 
3.19386 
3.1937 
3.19354 
3.19337 
3.19318 
3.19299 
3.19279 
3.19258 
3.19236 
3.19213 
3.19189 
3.19165 
3.1914 
3.19114 
3.19088 
3.19061 
3.19034 
3.19006 
3.18978 
3.18949 
3.1892 
3.1889 
3.18861 
3.18831 
3.18801 
3.18771 
3.18741 
3.18711 
3.1868 
3.1865 
3.1862 
3.18591 
3.18561 
3.18532 
3.18503 
3.18475 
3.18446 
3.18419 
3.18392 
3.18365 
3.18339 
3.18313 
3.18289 
3.18265 
3.18241 
3.18219 
3.18197 
3.18176 
3.18156 
3.18136 
3.18118 
3.18101 
3.18084 
3.18069 
3.18054 
3.18041 
3.18028 
3.18017 
3.18007 
3.17997 
3.17989 
3.17982 
3.17976 
3.17971 
3.17967 
3.17964 
3.17962 
3.17961 
3.17962 
3.17963 
3.17965 
3.17969 
3.17973 
3.17978 
3.17985 
3.17992 
3.18 
3.18009 
3.18019 
3.1803 
3.18041 
3.18053 
3.18066 
3.1808 
3.18094 
3.1811 
3.18125 
3.18141 
3.18158 
3.18175 
3.18193 
3.18211 
3.1823 
3.18248 
3.18268 
3.18287 
3.18306 
3.18326 
3.18346 
3.18366 
3.18386 
3.18406 
3.18426 
3.18446 
3.18465 
3.18485 
3.18504 
3.18523 
3.18542 
3.1856 
3.18578 
3.18596 
3.18613 
3.1863 
3.18646 
3.18662 
3.18677 
3.18692 
3.18706 
3.18719 
3.18732 
3.18744 
3.18755 
3.18765 
3.18775 
3.18784 
3.18792 
3.18799 
3.18805 
3.18811 
3.18816 
3.18819 
3.18822 
3.18824 
3.18826 
3.18826 
3.18825 
3.18824 
3.18821 
3.18818 
3.18814 
3.18809 
3.18803 
3.18796 
3.18789 
3.1878 
3.18771 
3.18761 
3.1875 
3.18739 
3.18726 
3.18713 
3.187 
3.18685 
3.1867 
3.18654 
3.18638 
3.18621 
3.18604 
3.18586 
3.18567 
3.18548 
3.18529 
3.18509 
3.18489 
3.18469 
3.18448 
3.18427 
3.18406 
3.18384 
3.18363 
3.18341 
3.18319 
3.18297 
3.18275 
3.18253 
3.18231 
3.18209 
3.18188 
3.18166 
3.18144 
3.18123 
3.18102 
3.18081 
3.1806 
3.1804 
3.1802 
3.18 
3.17981 
3.17962 
3.17944 
3.17926 
3.17908 
3.17891 
3.17874 
3.17858 
3.17843 
3.17828 
3.17814 
3.178 
3.17787 
3.17774 
3.17762 
3.17751 
3.1774 
3.1773 
3.17721 
3.17712 
3.17704 
3.17697 
3.1769 
3.17684 
3.17678 
3.17674 
3.17669 
3.17666 
3.17663 
3.17661 
3.17659 
3.17658 
3.17658 
3.17658 
3.17659 
3.1766 
3.17662 
3.17664 
3.17667 
3.17671 
3.17674 
3.17679 
3.17684 
3.17689 
3.17694 
3.177 
3.17707 
3.17713 
3.17721 
3.17728 
3.17736 
3.17743 
3.17752 
3.1776 
3.17768 
3.17777 
3.17786 
3.17795 
3.17804 
3.17813 
3.17822 
3.17831 
3.17841 
3.1785 
3.17859 
3.17868 
3.17877 
3.17886 
3.17895 
3.17904 
3.17913 
3.17921 
3.17929 
3.17937 
3.17945 
3.17953 
3.1796 
3.17967 
3.17974 
3.1798 
3.17986 
3.17992 
3.17998 
3.18003 
3.18008 
3.18013 
3.18017 
3.1802 
3.18024 
3.18027 
3.1803 
3.18032 
3.18034 
3.18035 
3.18036 
3.18037 
3.18037 
3.18037 
3.18037 
3.18036 
3.18034 
3.18033 
3.18031 
3.18028 
3.18025 
3.18022 
3.18019 
3.18015 
3.18011 
3.18006 
3.18001 
3.17996 
3.1799 
3.17984 
3.17978 
3.17972 
3.17965 
3.17958 
3.17951 
3.17943 
3.17935 
3.17927 
3.17919 
3.17911 
3.17902 
3.17893 
3.17884 
3.17875 
3.17866 
3.17857 
3.17847 
3.17838 
3.17828 
3.17818 
3.17808 
3.17798 
3.17788 
3.17778 
3.17768 
3.17758 
3.17748 
3.17738 
3.17728 
3.17718 
3.17708 
3.17698 
3.17688 
3.17678 
3.17668 
3.17658 
3.17648 
3.17638 
3.17629 
3.17619 
3.1761 
3.176 
3.17591 
3.17582 
3.17573 
3.17564 
3.17555 
3.17547 
3.17538 
3.1753 
3.17521 
3.17513 
3.17505 
3.17497 
3.1749 
3.17482 
3.17474 
3.17467 
3.1746 
3.17453 
3.17446 
3.17439 
3.17432 
3.17426 
3.17419 
3.17413 
3.17407 
3.17401 
3.17395 
3.17389 
3.17384 
3.17378 
3.17373 
3.17368 
3.17362 
3.17357 
3.17352 
3.17348 
3.17343 
3.17338 
3.17334 
3.17329 
3.17325 
3.17321 
3.17317 
3.17313 
3.17309 
3.17305 
3.17302 
3.17298 
3.17294 
3.17291 
3.17288 
3.17285 
3.17281 
3.17278 
3.17275 
3.17273 
3.1727 
3.17267 
3.17265 
3.17262 
3.1726 
3.17258 
3.17255 
3.17253 
3.17251 
3.17249 
3.17248 
3.17246 
3.17244 
3.17243 
3.17241 
3.1724 
3.17239 
3.17238 
3.17237 
3.17236 
3.17235 
3.17234 
3.17234 
3.17233 
3.17233 
3.17233 
3.17233 
3.17233 
3.17233 
3.17233 
3.17233 
3.17234 
3.17234 
3.17235 
3.17235 
3.17236 
3.17237 
3.17238 
3.17239 
3.1724 
3.17242 
3.17243 
3.17245 
3.17246 
3.17248 
3.17249 
3.17251 
3.17253 
3.17255 
3.17257 
3.17259 
3.17261 
3.17263 
3.17265 
3.17267 
3.1727 
3.17272 
3.17274 
3.17276 
3.17278 
3.1728 
3.17283 
3.17285 
3.17287 
3.17289 
3.17291 
3.17293 
3.17294 
3.17296 
3.17298 
3.17299 
3.17301 
3.17302 
3.17303 
3.17305 
3.17306 
3.17306 
3.17307 
3.17307 
3.17308 
3.17308 
3.17308 
3.17307 
3.17307 
3.17306 
3.17305 
3.17304 
3.17302 
3.17301 
3.17299 
3.17296 
3.17294 
3.17291 
3.17288 
3.17285 
3.17281 
3.17277 
3.17273 
3.17268 
3.17264 
3.17258 
3.17253 
3.17247 
3.17241 
3.17235 
3.17228 
3.17221 
3.17214 
3.17206 
3.17198 
3.1719 
3.17182 
3.17173 
3.17164 
3.17154 
3.17145 
3.17135 
3.17125 
3.17114 
3.17104 
3.17093 
3.17081 
3.1707 
3.17059 
3.17047 
3.17035 
3.17023 
3.1701 
3.16998 
3.16985 
3.16973 
3.1696 
3.16947 
3.16934 
3.16921 
3.16908 
3.16895 
3.16882 
3.16869 
3.16855 
3.16842 
3.16829 
3.16816 
3.16803 
3.1679 
3.16778 
3.16765 
3.16752 
3.1674 
3.16728 
3.16716 
3.16704 
3.16693 
3.16681 
3.1667 
3.1666 
3.16649 
3.16639 
3.16629 
3.16619 
3.1661 
3.16601 
3.16593 
3.16584 
3.16577 
3.16569 
3.16562 
3.16555 
3.16549 
3.16543 
3.16538 
3.16533 
3.16529 
3.16525 
3.16521 
3.16518 
3.16515 
3.16513 
3.16512 
3.1651 
3.16509 
3.16509 
3.16509 
3.1651 
3.16511 
3.16512 
3.16514 
3.16517 
3.16519 
3.16522 
3.16526 
3.1653 
3.16534 
3.16539 
3.16544 
3.1655 
3.16556 
3.16562 
3.16568 
3.16575 
3.16582 
3.1659 
3.16597 
3.16605 
3.16613 
3.16621 
3.1663 
3.16638 
3.16647 
3.16656 
3.16665 
3.16674 
3.16683 
3.16692 
3.16701 
3.1671 
3.16719 
3.16728 
3.16737 
3.16746 
3.16755 
3.16764 
3.16772 
3.1678 
3.16789 
3.16796 
3.16804 
3.16812 
3.16819 
3.16826 
3.16832 
3.16838 
3.16844 
3.1685 
3.16855 
3.16859 
3.16864 
3.16868 
3.16871 
3.16874 
3.16876 
3.16878 
3.1688 
3.16881 
3.16881 
3.16881 
3.16881 
3.1688 
3.16878 
3.16876 
3.16873 
3.1687 
3.16866 
3.16862 
3.16857 
3.16851 
3.16845 
3.16839 
3.16831 
3.16824 
3.16815 
3.16807 
3.16797 
3.16788 
3.16777 
3.16767 
3.16755 
3.16743 
3.16731 
3.16719 
3.16706 
3.16692 
3.16678 
3.16664 
3.16649 
3.16634 
3.16619 
3.16603 
3.16587 
3.16571 
3.16555 
3.16538 
3.16521 
3.16504 
3.16487 
3.1647 
3.16452 
3.16435 
3.16417 
3.16399 
3.16382 
3.16364 
3.16347 
3.16329 
3.16312 
3.16294 
3.16277 
3.1626 
3.16243 
3.16226 
3.1621 
3.16194 
3.16178 
3.16162 
3.16147 
3.16132 
3.16117 
3.16102 
3.16089 
3.16075 
3.16062 
3.16049 
3.16037 
3.16025 
3.16014 
3.16003 
3.15993 
3.15983 
3.15974 
3.15966 
3.15957 
3.1595 
3.15943 
3.15937 
3.15931 
3.15926 
3.15921 
3.15917 
3.15914 
3.15911 
3.15909 
3.15907 
3.15906 
3.15906 
3.15906 
3.15906 
3.15908 
3.15909 
3.15912 
3.15915 
3.15918 
3.15922 
3.15926 
3.15931 
3.15937 
3.15943 
3.15949 
3.15956 
3.15963 
3.15971 
3.15979 
3.15987 
3.15995 
3.16004 
3.16014 
3.16023 
3.16033 
3.16043 
3.16053 
3.16063 
3.16074 
3.16085 
3.16095 
3.16106 
3.16117 
3.16128 
3.16139 
3.1615 
3.16161 
3.16172 
3.16183 
3.16193 
3.16204 
3.16214 
3.16224 
3.16234 
3.16244 
3.16254 
3.16263 
3.16272 
3.1628 
3.16289 
3.16297 
3.16304 
3.16311 
3.16318 
3.16325 
3.1633 
3.16336 
3.16341 
3.16345 
3.16349 
3.16353 
3.16356 
3.16358 
3.1636 
3.16362 
3.16363 
3.16363 
3.16363 
3.16362 
3.1636 
3.16358 
3.16356 
3.16352 
3.16349 
3.16344 
3.16339 
3.16334 
3.16328 
3.16321 
3.16314 
3.16307 
3.16298 
3.1629 
3.1628 
3.1627 
3.1626 
3.16249 
3.16238 
3.16226 
3.16214 
3.16202 
3.16189 
3.16175 
3.16162 
3.16147 
3.16133 
3.16118 
3.16103 
3.16088 
3.16072 
3.16056 
3.1604 
3.16024 
3.16008 
3.15991 
3.15974 
3.15958 
3.15941 
3.15924 
3.15907 
3.1589 
3.15873 
3.15856 
3.15839 
3.15822 
3.15805 
3.15789 
3.15772 
3.15756 
3.1574 
3.15724 
3.15708 
3.15692 
3.15677 
3.15662 
3.15648 
3.15633 
3.15619 
3.15606 
3.15593 
3.1558 
3.15567 
3.15555 
3.15544 
3.15532 
3.15522 
3.15511 
3.15501 
3.15492 
3.15483 
3.15475 
3.15467 
3.1546 
3.15453 
3.15446 
3.15441 
3.15435 
3.1543 
3.15426 
3.15422 
3.15419 
3.15416 
3.15414 
3.15412 
3.15411 
3.15411 
3.1541 
3.15411 
3.15411 
3.15412 
3.15414 
3.15416 
3.15419 
3.15422 
3.15425 
3.15429 
3.15433 
3.15438 
3.15442 
3.15448 
3.15453 
3.15459 
3.15465 
3.15472 
3.15478 
3.15485 
3.15492 
3.155 
3.15507 
3.15515 
3.15523 
3.15531 
3.15539 
3.15547 
3.15555 
3.15563 
3.15572 
3.1558 
3.15588 
3.15596 
3.15605 
3.15613 
3.15621 
3.15629 
3.15637 
3.15644 
3.15652 
3.15659 
3.15666 
3.15673 
3.1568 
3.15687 
3.15693 
3.15699 
3.15705 
3.1571 
3.15715 
3.1572 
3.15725 
3.15729 
3.15732 
3.15736 
3.15739 
3.15741 
3.15744 
3.15746 
3.15747 
3.15748 
3.15749 
3.15749 
3.15749 
3.15748 
3.15747 
3.15746 
3.15744 
3.15741 
3.15739 
3.15735 
3.15732 
3.15728 
3.15723 
3.15719 
3.15713 
3.15708 
3.15702 
3.15695 
3.15688 
3.15681 
3.15673 
3.15666 
3.15657 
3.15649 
3.1564 
3.1563 
3.15621 
3.15611 
3.15601 
3.1559 
3.1558 
3.15569 
3.15557 
3.15546 
3.15535 
3.15523 
3.15511 
3.15499 
3.15486 
3.15474 
3.15461 
3.15449 
3.15436 
3.15423 
3.1541 
3.15398 
3.15385 
3.15372 
3.15359 
3.15346 
3.15333 
3.1532 
3.15308 
3.15295 
3.15282 
3.1527 
3.15257 
