0 
0 
0 
0 
0 
0 
0 
0 
-2.66289e-14 
0 
0 
0 
-2.66289e-14 
-5.32579e-14 
-5.32579e-14 
-5.32579e-14 
-5.32579e-14 
-5.32579e-14 
-7.98868e-14 
-1.06516e-13 
-1.06516e-13 
-1.33145e-13 
-1.33145e-13 
-1.33145e-13 
-1.33145e-13 
-1.33145e-13 
-1.33145e-13 
-1.59774e-13 
-1.59774e-13 
-1.33145e-13 
-1.59774e-13 
-1.59774e-13 
-1.59774e-13 
-1.86402e-13 
-1.86402e-13 
-1.86402e-13 
-2.13031e-13 
-2.3966e-13 
-2.3966e-13 
-2.3966e-13 
-2.3966e-13 
-2.3966e-13 
-2.3966e-13 
-2.3966e-13 
-2.66289e-13 
-2.3966e-13 
-2.3966e-13 
-2.3966e-13 
-2.3966e-13 
-2.66289e-13 
-2.66289e-13 
-2.3966e-13 
-2.3966e-13 
-2.3966e-13 
-2.3966e-13 
-2.3966e-13 
-2.3966e-13 
-2.3966e-13 
-2.92918e-13 
-2.92918e-13 
-3.19547e-13 
-3.19547e-13 
-3.19547e-13 
-3.19547e-13 
-3.19547e-13 
-3.19547e-13 
-3.19547e-13 
-3.19547e-13 
-3.46176e-13 
-3.46176e-13 
-3.19547e-13 
-2.92918e-13 
-2.92918e-13 
-2.92918e-13 
-2.92918e-13 
-2.92918e-13 
-3.19547e-13 
-3.19547e-13 
-3.19547e-13 
-3.19547e-13 
-3.72805e-13 
-3.99434e-13 
-3.99434e-13 
-3.99434e-13 
-4.26063e-13 
-4.26063e-13 
-4.52692e-13 
-4.52692e-13 
-4.79321e-13 
-5.0595e-13 
-5.0595e-13 
-5.0595e-13 
-4.79321e-13 
-4.79321e-13 
-4.79321e-13 
-4.79321e-13 
-5.0595e-13 
-5.0595e-13 
-5.0595e-13 
-5.0595e-13 
-5.0595e-13 
-5.0595e-13 
-4.79321e-13 
-4.79321e-13 
-4.79321e-13 
-4.79321e-13 
-5.0595e-13 
-5.0595e-13 
-5.0595e-13 
-5.0595e-13 
-5.0595e-13 
-5.0595e-13 
-5.0595e-13 
-5.0595e-13 
-5.0595e-13 
-5.0595e-13 
-5.0595e-13 
-5.0595e-13 
-5.0595e-13 
-5.0595e-13 
-5.32579e-13 
-5.59207e-13 
-5.59207e-13 
-5.59207e-13 
-5.59207e-13 
-5.59207e-13 
-5.85836e-13 
-6.12465e-13 
-6.12465e-13 
-6.39094e-13 
-6.39094e-13 
-6.65723e-13 
-6.65723e-13 
-6.65723e-13 
-6.65723e-13 
-6.65723e-13 
-6.92352e-13 
-7.4561e-13 
-7.4561e-13 
-7.4561e-13 
-7.72239e-13 
-7.98868e-13 
-7.98868e-13 
-8.25497e-13 
-8.25497e-13 
-8.25497e-13 
-8.78755e-13 
-8.78755e-13 
-9.05384e-13 
-9.58641e-13 
-9.8527e-13 
-9.8527e-13 
-1.03853e-12 
-1.09179e-12 
-1.11841e-12 
-1.14504e-12 
-1.17167e-12 
-1.22493e-12 
-1.27819e-12 
-1.30482e-12 
-1.35808e-12 
-1.43796e-12 
-1.51785e-12 
-1.59774e-12 
-1.67762e-12 
-1.75751e-12 
-1.8374e-12 
-1.94391e-12 
-2.07706e-12 
-2.26346e-12 
-2.3966e-12 
-2.58301e-12 
-2.71615e-12 
-2.92918e-12 
-3.14221e-12 
-3.35524e-12 
-3.59491e-12 
-3.88782e-12 
-4.20737e-12 
-4.52692e-12 
-4.89972e-12 
-5.29916e-12 
-5.75185e-12 
-6.23117e-12 
-6.76375e-12 
-7.34958e-12 
-8.01531e-12 
-8.70766e-12 
-9.4799e-12 
-1.0332e-11 
-1.1264e-11 
-1.22759e-11 
-1.3421e-11 
-1.46459e-11 
-1.6004e-11 
-1.74686e-11 
-1.90929e-11 
-2.08504e-11 
-2.27411e-11 
-2.48182e-11 
-2.70816e-11 
-2.95581e-11 
-3.23275e-11 
-3.52567e-11 
-3.84788e-11 
-4.19938e-11 
-4.58284e-11 
-4.99825e-11 
-5.4536e-11 
-5.95157e-11 
-6.4948e-11 
-7.08063e-11 
-7.71973e-11 
-8.41474e-11 
-9.17367e-11 
-9.99916e-11 
-1.08912e-10 
-1.18579e-10 
-1.29097e-10 
-1.40547e-10 
-1.5293e-10 
-1.66351e-10 
-1.8089e-10 
-1.96681e-10 
-2.1375e-10 
-2.32257e-10 
-2.52282e-10 
-2.74012e-10 
-2.97472e-10 
-3.22929e-10 
-3.50383e-10 
-3.80075e-10 
-4.12216e-10 
-4.46993e-10 
-4.84513e-10 
-5.25043e-10 
-5.68794e-10 
-6.1606e-10 
-6.67081e-10 
-7.22097e-10 
-7.81479e-10 
-8.45522e-10 
-9.14517e-10 
-9.88865e-10 
-1.06904e-09 
-1.15538e-09 
-1.24831e-09 
-1.34838e-09 
-1.45612e-09 
-1.57201e-09 
-1.69672e-09 
-1.83082e-09 
-1.97504e-09 
-2.13002e-09 
-2.29656e-09 
-2.4755e-09 
-2.66774e-09 
-2.87419e-09 
-3.0958e-09 
-3.33365e-09 
-3.58891e-09 
-3.86274e-09 
-4.15646e-09 
-4.4714e-09 
-4.809e-09 
-5.1708e-09 
-5.55847e-09 
-5.9738e-09 
-6.41861e-09 
-6.89487e-09 
-7.40471e-09 
-7.95036e-09 
-8.5342e-09 
-9.15878e-09 
-9.82677e-09 
-1.0541e-08 
-1.13045e-08 
-1.21206e-08 
-1.29925e-08 
-1.39241e-08 
-1.49189e-08 
-1.59813e-08 
-1.71154e-08 
-1.8326e-08 
-1.96178e-08 
-2.0996e-08 
-2.24659e-08 
-2.40336e-08 
-2.5705e-08 
-2.74866e-08 
-2.93853e-08 
-3.14084e-08 
-3.35636e-08 
-3.58589e-08 
-3.8303e-08 
-4.0905e-08 
-4.36746e-08 
-4.66219e-08 
-4.97576e-08 
-5.30931e-08 
-5.66405e-08 
-6.04124e-08 
-6.44222e-08 
-6.8684e-08 
-7.32129e-08 
-7.80245e-08 
-8.31355e-08 
-8.85634e-08 
-9.43267e-08 
-1.00445e-07 
-1.06939e-07 
-1.1383e-07 
-1.21141e-07 
-1.28897e-07 
-1.37122e-07 
-1.45844e-07 
-1.5509e-07 
-1.6489e-07 
-1.75277e-07 
-1.86281e-07 
-1.97939e-07 
-2.10286e-07 
-2.23361e-07 
-2.37204e-07 
-2.51857e-07 
-2.67366e-07 
-2.83777e-07 
-3.01139e-07 
-3.19504e-07 
-3.38927e-07 
-3.59464e-07 
-3.81177e-07 
-4.04126e-07 
-4.2838e-07 
-4.54007e-07 
-4.81081e-07 
-5.09677e-07 
-5.39877e-07 
-5.71764e-07 
-6.05427e-07 
-6.40958e-07 
-6.78455e-07 
-7.1802e-07 
-7.59759e-07 
-8.03784e-07 
-8.50213e-07 
-8.99167e-07 
-9.50777e-07 
-1.00518e-06 
-1.0625e-06 
-1.12291e-06 
-1.18655e-06 
-1.25359e-06 
-1.32418e-06 
-1.39852e-06 
-1.47679e-06 
-1.55917e-06 
-1.64587e-06 
-1.73711e-06 
-1.8331e-06 
-1.93408e-06 
-2.04029e-06 
-2.15197e-06 
-2.2694e-06 
-2.39285e-06 
-2.5226e-06 
-2.65896e-06 
-2.80224e-06 
-2.95277e-06 
-3.11089e-06 
-3.27694e-06 
-3.45132e-06 
-3.6344e-06 
-3.82658e-06 
-4.0283e-06 
-4.23998e-06 
-4.46208e-06 
-4.69509e-06 
-4.93951e-06 
-5.19583e-06 
-5.46462e-06 
-5.74643e-06 
-6.04184e-06 
-6.35146e-06 
-6.67594e-06 
-7.01592e-06 
-7.3721e-06 
-7.7452e-06 
-8.13594e-06 
-8.54512e-06 
-8.97353e-06 
-9.42202e-06 
-9.89144e-06 
-1.03827e-05 
-1.08968e-05 
-1.14346e-05 
-1.19972e-05 
-1.25856e-05 
-1.3201e-05 
-1.38444e-05 
-1.45171e-05 
-1.52202e-05 
-1.59552e-05 
-1.67231e-05 
-1.75256e-05 
-1.83638e-05 
-1.92395e-05 
-2.0154e-05 
-2.1109e-05 
-2.21061e-05 
-2.3147e-05 
-2.42335e-05 
-2.53675e-05 
-2.65507e-05 
-2.77853e-05 
-2.90733e-05 
-3.04167e-05 
-3.18177e-05 
-3.32787e-05 
-3.4802e-05 
-3.63899e-05 
-3.80451e-05 
-3.97702e-05 
-4.15677e-05 
-4.34406e-05 
-4.53918e-05 
-4.74241e-05 
-4.95407e-05 
-5.17448e-05 
-5.40396e-05 
-5.64287e-05 
-5.89155e-05 
-6.15037e-05 
-6.4197e-05 
-6.69994e-05 
-6.99148e-05 
-7.29474e-05 
-7.61015e-05 
-7.93815e-05 
-8.27921e-05 
-8.63378e-05 
-9.00237e-05 
-9.38546e-05 
-9.78358e-05 
-0.000101973 
-0.000106271 
-0.000110736 
-0.000115373 
-0.00012019 
-0.000125191 
-0.000130384 
-0.000135775 
-0.00014137 
-0.000147178 
-0.000153204 
-0.000159458 
-0.000165945 
-0.000172675 
-0.000179655 
-0.000186894 
-0.0001944 
-0.000202182 
-0.00021025 
-0.000218612 
-0.000227279 
-0.00023626 
-0.000245565 
-0.000255206 
-0.000265192 
-0.000275535 
-0.000286247 
-0.000297338 
-0.000308822 
-0.000320709 
-0.000333015 
-0.00034575 
-0.000358928 
-0.000372564 
-0.000386672 
-0.000401265 
-0.000416359 
-0.000431968 
-0.000448109 
-0.000464798 
-0.000482051 
-0.000499885 
-0.000518317 
-0.000537364 
-0.000557046 
-0.00057738 
-0.000598386 
-0.000620083 
-0.000642492 
-0.000665632 
-0.000689524 
-0.000714191 
-0.000739654 
-0.000765935 
-0.000793058 
-0.000821046 
-0.000849923 
-0.000879713 
-0.000910443 
-0.000942138 
-0.000974824 
-0.00100853 
-0.00104328 
-0.0010791 
-0.00111602 
-0.00115408 
-0.0011933 
-0.00123371 
-0.00127535 
-0.00131824 
-0.00136241 
-0.00140791 
-0.00145477 
-0.00150301 
-0.00155268 
-0.00160381 
-0.00165644 
-0.0017106 
-0.00176634 
-0.00182369 
-0.00188269 
-0.00194338 
-0.00200581 
-0.00207001 
-0.00213603 
-0.00220391 
-0.00227369 
-0.00234543 
-0.00241917 
-0.00249494 
-0.00257281 
-0.00265281 
-0.00273501 
-0.00281944 
-0.00290616 
-0.00299522 
-0.00308667 
-0.00318057 
-0.00327696 
-0.00337591 
-0.00347747 
-0.0035817 
-0.00368866 
-0.00379839 
-0.00391097 
-0.00402645 
-0.00414489 
-0.00426636 
-0.00439091 
-0.00451861 
-0.00464953 
-0.00478373 
-0.00492128 
-0.00506224 
-0.00520668 
-0.00535468 
-0.00550629 
-0.00566159 
-0.00582065 
-0.00598355 
-0.00615035 
-0.00632113 
-0.00649597 
-0.00667493 
-0.0068581 
-0.00704556 
-0.00723737 
-0.00743363 
-0.0076344 
-0.00783977 
-0.00804981 
-0.00826462 
-0.00848427 
-0.00870885 
-0.00893843 
-0.00917311 
-0.00941296 
-0.00965808 
-0.00990854 
-0.0101644 
-0.0104259 
-0.0106929 
-0.0109656 
-0.0112442 
-0.0115286 
-0.0118189 
-0.0121154 
-0.012418 
-0.0127268 
-0.0130419 
-0.0133635 
-0.0136916 
-0.0140263 
-0.0143677 
-0.0147159 
-0.0150709 
-0.015433 
-0.0158021 
-0.0161784 
-0.016562 
-0.0169529 
-0.0173513 
-0.0177572 
-0.0181707 
-0.0185919 
-0.019021 
-0.019458 
-0.019903 
-0.0203561 
-0.0208174 
-0.021287 
-0.0217649 
-0.0222513 
-0.0227463 
-0.0232499 
-0.0237622 
-0.0242834 
-0.0248134 
-0.0253525 
-0.0259006 
-0.0264579 
-0.0270245 
-0.0276004 
-0.0281857 
-0.0287804 
-0.0293848 
-0.0299988 
-0.0306226 
-0.0312561 
-0.0318996 
-0.0325529 
-0.0332164 
-0.0338899 
-0.0345735 
-0.0352674 
-0.0359716 
-0.0366862 
-0.0374111 
-0.0381466 
-0.0388925 
-0.0396491 
-0.0404163 
-0.0411942 
-0.0419828 
-0.0427822 
-0.0435925 
-0.0444136 
-0.0452456 
-0.0460886 
-0.0469426 
-0.0478075 
-0.0486835 
-0.0495706 
-0.0504687 
-0.051378 
-0.0522983 
-0.0532298 
-0.0541724 
-0.0551262 
-0.0560911 
-0.0570672 
-0.0580544 
-0.0590527 
-0.0600622 
-0.0610828 
-0.0621145 
-0.0631572 
-0.064211 
-0.0652758 
-0.0663516 
-0.0674383 
-0.0685359 
-0.0696444 
-0.0707637 
-0.0718937 
-0.0730344 
-0.0741858 
-0.0753477 
-0.0765201 
-0.0777029 
-0.078896 
-0.0800994 
-0.081313 
-0.0825366 
-0.0837702 
-0.0850136 
-0.0862668 
-0.0875297 
-0.088802 
-0.0900838 
-0.0913748 
-0.092675 
-0.0939842 
-0.0953023 
-0.096629 
-0.0979644 
-0.0993081 
-0.10066 
-0.10202 
-0.103388 
-0.104764 
-0.106147 
-0.107538 
-0.108936 
-0.110341 
-0.111752 
-0.11317 
-0.114595 
-0.116026 
-0.117462 
-0.118904 
-0.120352 
-0.121805 
-0.123263 
-0.124726 
-0.126194 
-0.127665 
-0.129141 
-0.13062 
-0.132103 
-0.133589 
-0.135078 
-0.136569 
-0.138063 
-0.13956 
-0.141057 
-0.142557 
-0.144057 
-0.145559 
-0.147061 
-0.148563 
-0.150065 
-0.151567 
-0.153069 
-0.154569 
-0.156068 
-0.157565 
-0.159061 
-0.160554 
-0.162044 
-0.163531 
-0.165016 
-0.166496 
-0.167972 
-0.169444 
-0.170912 
-0.172374 
-0.173831 
-0.175282 
-0.176727 
-0.178165 
-0.179597 
-0.181021 
-0.182438 
-0.183847 
-0.185248 
-0.18664 
-0.188023 
-0.189396 
-0.19076 
-0.192114 
-0.193458 
-0.19479 
-0.196112 
-0.197422 
-0.19872 
-0.200006 
-0.201279 
-0.20254 
-0.203787 
-0.205021 
-0.206241 
-0.207446 
-0.208637 
-0.209813 
-0.210974 
-0.212119 
-0.213249 
-0.214362 
-0.215459 
-0.216539 
-0.217601 
-0.218647 
-0.219674 
-0.220684 
-0.221675 
-0.222648 
-0.223602 
-0.224537 
-0.225452 
-0.226348 
-0.227225 
-0.228081 
-0.228916 
-0.229732 
-0.230526 
-0.2313 
-0.232052 
-0.232783 
-0.233492 
-0.23418 
-0.234846 
-0.23549 
-0.236111 
-0.236711 
-0.237287 
-0.237841 
-0.238373 
-0.238881 
-0.239367 
-0.239829 
-0.240269 
-0.240685 
-0.241078 
-0.241448 
-0.241794 
-0.242117 
-0.242417 
-0.242693 
-0.242946 
-0.243175 
-0.243381 
-0.243564 
-0.243723 
-0.243859 
-0.243972 
-0.244062 
-0.244129 
-0.244172 
-0.244193 
-0.244192 
-0.244167 
-0.244121 
-0.244052 
-0.24396 
-0.243847 
-0.243712 
-0.243556 
-0.243378 
-0.243178 
-0.242958 
-0.242717 
-0.242456 
-0.242174 
-0.241873 
-0.241551 
-0.241211 
-0.240851 
-0.240472 
-0.240075 
-0.23966 
-0.239226 
-0.238776 
-0.238308 
-0.237823 
-0.237322 
-0.236805 
-0.236272 
-0.235723 
-0.23516 
-0.234583 
-0.233991 
-0.233386 
-0.232767 
-0.232136 
-0.231492 
-0.230837 
-0.23017 
-0.229492 
-0.228803 
-0.228105 
-0.227397 
-0.22668 
-0.225954 
-0.22522 
-0.224479 
-0.22373 
-0.222975 
-0.222214 
-0.221447 
-0.220675 
-0.219899 
-0.219118 
-0.218334 
-0.217547 
-0.216758 
-0.215966 
-0.215173 
-0.214379 
-0.213585 
-0.212791 
-0.211997 
-0.211205 
-0.210414 
-0.209625 
-0.208839 
-0.208057 
-0.207277 
-0.206503 
-0.205732 
-0.204967 
-0.204208 
-0.203455 
-0.202708 
-0.201968 
-0.201236 
-0.200512 
-0.199797 
-0.19909 
-0.198393 
-0.197706 
-0.197029 
-0.196363 
-0.195707 
-0.195063 
-0.194431 
-0.193812 
-0.193205 
-0.192611 
-0.19203 
-0.191463 
-0.19091 
-0.190371 
-0.189847 
-0.189339 
-0.188845 
-0.188367 
-0.187905 
-0.187459 
-0.187029 
-0.186616 
-0.18622 
-0.18584 
-0.185478 
-0.185134 
-0.184807 
-0.184497 
-0.184206 
-0.183933 
-0.183677 
-0.18344 
-0.183222 
-0.183021 
-0.18284 
-0.182676 
-0.182532 
-0.182405 
-0.182298 
-0.182209 
-0.182139 
-0.182087 
-0.182054 
-0.182039 
-0.182042 
-0.182064 
-0.182104 
-0.182162 
-0.182238 
-0.182332 
-0.182443 
-0.182572 
-0.182718 
-0.182882 
-0.183062 
-0.183259 
-0.183472 
-0.183702 
-0.183947 
-0.184208 
-0.184485 
-0.184776 
-0.185083 
-0.185404 
-0.185739 
-0.186088 
-0.186451 
-0.186827 
-0.187215 
-0.187616 
-0.188029 
-0.188454 
-0.18889 
-0.189337 
-0.189794 
-0.190261 
-0.190738 
-0.191224 
-0.191719 
-0.192222 
-0.192733 
-0.193251 
-0.193776 
-0.194308 
-0.194846 
-0.195389 
-0.195937 
-0.19649 
-0.197046 
-0.197607 
-0.19817 
-0.198736 
-0.199304 
-0.199874 
-0.200445 
-0.201017 
-0.201589 
-0.20216 
-0.202731 
-0.203301 
-0.203868 
-0.204434 
-0.204997 
-0.205557 
-0.206113 
-0.206665 
-0.207212 
-0.207754 
-0.208291 
-0.208823 
-0.209347 
-0.209865 
-0.210376 
-0.21088 
-0.211375 
-0.211862 
-0.21234 
-0.21281 
-0.213269 
-0.213719 
-0.214159 
-0.214588 
-0.215006 
-0.215413 
-0.215808 
-0.216192 
-0.216563 
-0.216923 
-0.217269 
-0.217603 
-0.217924 
-0.218231 
-0.218525 
-0.218805 
-0.219071 
-0.219323 
-0.21956 
-0.219784 
-0.219992 
-0.220187 
-0.220366 
-0.22053 
-0.22068 
-0.220814 
-0.220934 
-0.221038 
-0.221127 
-0.221201 
-0.22126 
-0.221304 
-0.221333 
-0.221347 
-0.221346 
-0.221329 
-0.221299 
-0.221253 
-0.221193 
-0.221118 
-0.221029 
-0.220926 
-0.220809 
-0.220678 
-0.220534 
-0.220376 
-0.220204 
-0.22002 
-0.219823 
-0.219614 
-0.219392 
-0.219159 
-0.218913 
-0.218657 
-0.218389 
-0.21811 
-0.217822 
-0.217522 
-0.217214 
-0.216895 
-0.216568 
-0.216232 
-0.215888 
-0.215535 
-0.215175 
-0.214808 
-0.214434 
-0.214054 
-0.213668 
-0.213276 
-0.212879 
-0.212477 
-0.212071 
-0.211661 
-0.211247 
-0.210831 
-0.210411 
-0.20999 
-0.209567 
-0.209142 
-0.208717 
-0.208291 
-0.207865 
-0.20744 
-0.207015 
-0.206592 
-0.20617 
-0.205751 
-0.205334 
-0.204919 
-0.204509 
-0.204102 
-0.203699 
-0.2033 
-0.202907 
-0.202518 
-0.202136 
-0.201759 
-0.201389 
-0.201026 
-0.200669 
-0.20032 
-0.199979 
-0.199646 
-0.199321 
-0.199005 
-0.198698 
-0.1984 
-0.198112 
-0.197833 
-0.197565 
-0.197307 
-0.197059 
-0.196822 
-0.196595 
-0.19638 
-0.196176 
-0.195984 
-0.195803 
-0.195634 
-0.195477 
-0.195332 
-0.195198 
-0.195077 
-0.194968 
-0.194872 
-0.194788 
-0.194716 
-0.194657 
-0.19461 
-0.194575 
-0.194553 
-0.194544 
-0.194547 
-0.194562 
-0.194589 
-0.194628 
-0.19468 
-0.194743 
-0.194819 
-0.194906 
-0.195004 
-0.195114 
-0.195236 
-0.195368 
-0.195512 
-0.195666 
-0.19583 
-0.196005 
-0.19619 
-0.196385 
-0.196589 
-0.196803 
-0.197026 
-0.197257 
-0.197497 
-0.197746 
-0.198002 
-0.198266 
-0.198537 
-0.198815 
-0.1991 
-0.199391 
-0.199688 
-0.199991 
-0.200298 
-0.200611 
-0.200929 
-0.201251 
-0.201576 
-0.201905 
-0.202237 
-0.202572 
-0.20291 
-0.203249 
-0.20359 
-0.203932 
-0.204275 
-0.204619 
-0.204962 
-0.205306 
-0.205648 
-0.20599 
-0.206331 
-0.206669 
-0.207006 
-0.20734 
-0.207671 
-0.208 
-0.208324 
-0.208645 
-0.208962 
-0.209274 
-0.209581 
-0.209883 
-0.21018 
-0.210471 
-0.210756 
-0.211034 
-0.211306 
-0.211571 
-0.211829 
-0.212079 
-0.212322 
-0.212557 
-0.212783 
-0.213002 
-0.213211 
-0.213412 
-0.213604 
-0.213787 
-0.213961 
-0.214126 
-0.21428 
-0.214425 
-0.214561 
-0.214686 
-0.214801 
-0.214906 
-0.215001 
-0.215086 
-0.21516 
-0.215225 
-0.215278 
-0.215322 
-0.215355 
-0.215377 
-0.21539 
-0.215392 
-0.215383 
-0.215365 
-0.215336 
-0.215297 
-0.215249 
-0.21519 
-0.215122 
-0.215044 
-0.214956 
-0.214859 
-0.214753 
-0.214638 
-0.214514 
-0.214381 
-0.21424 
-0.214091 
-0.213933 
-0.213767 
-0.213594 
-0.213414 
-0.213226 
-0.213031 
-0.21283 
-0.212622 
-0.212408 
-0.212188 
-0.211962 
-0.211732 
-0.211496 
-0.211255 
-0.211011 
-0.210762 
-0.210509 
-0.210253 
-0.209993 
-0.209731 
-0.209466 
-0.209199 
-0.20893 
-0.208659 
-0.208388 
-0.208115 
-0.207842 
-0.207568 
-0.207295 
-0.207022 
-0.206749 
-0.206478 
-0.206207 
-0.205939 
-0.205672 
-0.205408 
-0.205146 
-0.204887 
-0.204632 
-0.204379 
-0.204131 
-0.203886 
-0.203646 
-0.20341 
-0.203179 
-0.202953 
-0.202732 
-0.202517 
-0.202307 
-0.202104 
-0.201907 
-0.201716 
-0.201531 
-0.201354 
-0.201184 
-0.20102 
-0.200864 
-0.200716 
-0.200575 
-0.200441 
-0.200316 
-0.200199 
-0.200089 
-0.199988 
-0.199896 
-0.199811 
-0.199735 
-0.199667 
-0.199608 
-0.199558 
-0.199516 
-0.199482 
-0.199457 
-0.199441 
-0.199433 
-0.199434 
-0.199443 
-0.199461 
-0.199487 
-0.199521 
-0.199564 
-0.199615 
-0.199673 
-0.19974 
-0.199815 
-0.199897 
-0.199986 
-0.200083 
-0.200188 
-0.200299 
-0.200418 
-0.200543 
-0.200674 
-0.200812 
-0.200957 
-0.201107 
-0.201263 
-0.201424 
-0.201591 
-0.201763 
-0.201939 
-0.202121 
-0.202306 
-0.202496 
-0.20269 
-0.202887 
-0.203087 
-0.203291 
-0.203498 
-0.203707 
-0.203918 
-0.204131 
-0.204346 
-0.204563 
-0.20478 
-0.204999 
-0.205218 
-0.205437 
-0.205657 
-0.205876 
-0.206095 
-0.206313 
-0.20653 
-0.206746 
-0.20696 
-0.207172 
-0.207383 
-0.207591 
-0.207796 
-0.207999 
-0.208198 
-0.208394 
-0.208587 
-0.208776 
-0.20896 
-0.209141 
-0.209317 
-0.209489 
-0.209655 
-0.209817 
-0.209973 
-0.210124 
-0.21027 
-0.21041 
-0.210544 
-0.210671 
-0.210793 
-0.210909 
-0.211018 
-0.21112 
-0.211216 
-0.211305 
-0.211387 
-0.211462 
-0.211531 
-0.211592 
-0.211646 
-0.211694 
-0.211734 
-0.211766 
-0.211792 
-0.21181 
-0.211821 
-0.211825 
-0.211822 
-0.211812 
-0.211794 
-0.21177 
-0.211738 
-0.211699 
-0.211654 
-0.211602 
-0.211543 
-0.211477 
-0.211405 
-0.211327 
-0.211242 
-0.211151 
-0.211054 
-0.210951 
-0.210843 
-0.210729 
-0.210609 
-0.210484 
-0.210354 
-0.21022 
-0.21008 
-0.209936 
-0.209788 
-0.209635 
-0.209479 
-0.209319 
-0.209155 
-0.208988 
-0.208818 
-0.208645 
-0.20847 
-0.208292 
-0.208112 
-0.20793 
-0.207746 
-0.207561 
-0.207374 
-0.207187 
-0.206998 
-0.20681 
-0.20662 
-0.206431 
-0.206242 
-0.206053 
-0.205865 
-0.205678 
-0.205491 
-0.205306 
-0.205123 
-0.204941 
-0.204762 
-0.204584 
-0.204409 
-0.204236 
-0.204066 
-0.203899 
-0.203735 
-0.203575 
-0.203418 
-0.203264 
-0.203115 
-0.202969 
-0.202828 
-0.202691 
-0.202559 
-0.202431 
-0.202308 
-0.20219 
-0.202077 
-0.201969 
-0.201866 
-0.201769 
-0.201677 
-0.20159 
-0.201509 
-0.201434 
-0.201364 
-0.2013 
-0.201242 
-0.20119 
-0.201143 
-0.201103 
-0.201068 
-0.201039 
-0.201016 
-0.200999 
-0.200988 
-0.200983 
-0.200984 
-0.20099 
-0.201002 
-0.20102 
-0.201043 
-0.201072 
-0.201107 
-0.201147 
-0.201192 
-0.201242 
-0.201297 
-0.201358 
-0.201423 
-0.201493 
-0.201568 
-0.201647 
-0.20173 
-0.201818 
-0.201909 
-0.202005 
-0.202104 
-0.202207 
-0.202313 
-0.202422 
-0.202535 
-0.20265 
-0.202768 
-0.202888 
-0.203011 
-0.203136 
-0.203262 
-0.20339 
-0.20352 
-0.203651 
-0.203783 
-0.203916 
-0.20405 
-0.204184 
-0.204318 
-0.204452 
-0.204587 
-0.20472 
-0.204853 
-0.204986 
-0.205117 
-0.205247 
-0.205375 
-0.205502 
-0.205627 
-0.20575 
-0.205871 
-0.205989 
-0.206104 
-0.206217 
-0.206327 
-0.206433 
-0.206536 
-0.206636 
-0.206731 
-0.206823 
-0.206911 
-0.206994 
-0.207073 
-0.207148 
-0.207218 
-0.207282 
-0.207342 
-0.207397 
-0.207447 
-0.207491 
-0.20753 
-0.207563 
-0.20759 
-0.207612 
-0.207628 
-0.207638 
-0.207642 
-0.20764 
-0.207632 
-0.207617 
-0.207596 
-0.207569 
-0.207536 
-0.207496 
-0.20745 
-0.207398 
-0.207339 
-0.207274 
-0.207202 
-0.207124 
-0.20704 
-0.20695 
-0.206853 
-0.20675 
-0.206641 
-0.206526 
-0.206405 
-0.206278 
-0.206145 
-0.206007 
-0.205863 
-0.205713 
-0.205558 
-0.205398 
-0.205232 
-0.205062 
-0.204886 
-0.204706 
-0.204522 
-0.204333 
-0.20414 
-0.203943 
-0.203743 
-0.203538 
-0.203331 
-0.20312 
-0.202907 
-0.20269 
-0.202472 
-0.202251 
-0.202028 
-0.201803 
-0.201577 
-0.201351 
-0.201123 
-0.200895 
-0.200666 
-0.200438 
-0.20021 
-0.199982 
-0.199756 
-0.199531 
-0.199308 
-0.199087 
-0.198869 
-0.198653 
-0.19844 
-0.198231 
-0.198026 
-0.197826 
-0.19763 
-0.197439 
-0.197254 
-0.197074 
-0.196901 
-0.196735 
-0.196576 
-0.196425 
-0.196282 
-0.196147 
-0.196022 
-0.195906 
-0.1958 
-0.195704 
-0.195619 
-0.195546 
-0.195485 
-0.195435 
-0.195399 
-0.195376 
-0.195367 
-0.195372 
-0.195392 
-0.195427 
-0.195478 
-0.195546 
-0.19563 
-0.195732 
-0.195851 
-0.195989 
-0.196145 
-0.196321 
-0.196517 
-0.196733 
-0.19697 
-0.197229 
-0.197509 
-0.197811 
-0.198137 
-0.198485 
-0.198857 
-0.199254 
-0.199674 
-0.20012 
-0.200592 
-0.201089 
-0.201612 
-0.202162 
-0.202739 
-0.203343 
-0.203975 
-0.204635 
-0.205323 
-0.20604 
-0.206785 
-0.207559 
-0.208362 
-0.209195 
-0.210057 
-0.210948 
-0.211869 
-0.21282 
-0.2138 
-0.21481 
-0.215849 
-0.216917 
-0.218015 
-0.219142 
-0.220297 
-0.221481 
-0.222692 
-0.223931 
-0.225198 
-0.22649 
-0.227809 
-0.229153 
-0.230522 
-0.231914 
-0.233329 
-0.234766 
-0.236224 
-0.237701 
-0.239197 
-0.240711 
-0.24224 
-0.243784 
-0.245341 
-0.246909 
-0.248487 
-0.250073 
-0.251664 
-0.253259 
-0.254856 
-0.256452 
-0.258045 
-0.259633 
-0.261213 
-0.262782 
-0.264337 
-0.265875 
-0.267394 
-0.268889 
-0.270359 
-0.271798 
-0.273204 
-0.274572 
-0.275899 
-0.277181 
-0.278413 
-0.279591 
-0.28071 
-0.281767 
-0.282755 
-0.283671 
-0.284508 
-0.285262 
-0.285927 
-0.286497 
-0.286968 
-0.287332 
-0.287584 
-0.287717 
-0.287725 
-0.287603 
-0.287341 
-0.286935 
-0.286377 
-0.28566 
-0.284777 
-0.283719 
-0.28248 
-0.281052 
-0.279427 
-0.277596 
-0.275553 
-0.273288 
-0.270793 
-0.26806 
-0.26508 
-0.261844 
-0.258345 
-0.254572 
-0.250517 
-0.246171 
-0.241525 
-0.23657 
-0.231296 
-0.225695 
-0.219757 
-0.213473 
-0.206834 
-0.199831 
-0.192454 
-0.184695 
-0.176544 
-0.167992 
-0.159031 
-0.149651 
-0.139845 
-0.129602 
-0.118915 
-0.107776 
-0.0961768 
-0.0841086 
-0.0715643 
-0.0585363 
-0.0450174 
-0.0310005 
-0.016479 
-0.00144655 
0.0141031 
0.0301756 
0.0467764 
0.0639105 
0.0815825 
0.0997968 
0.118557 
0.137867 
0.157729 
0.178145 
0.199119 
0.22065 
0.242741 
0.26539 
0.288599 
0.312366 
0.33669 
0.361569 
0.387 
0.41298 
0.439505 
0.466571 
0.494172 
0.522302 
0.550955 
0.580124 
0.609801 
0.639976 
0.670641 
0.701786 
0.733399 
0.765469 
0.797984 
0.830931 
0.864296 
0.898065 
0.932223 
0.966755 
1.00164 
1.03687 
1.07242 
1.10827 
1.14441 
1.18081 
1.21745 
1.25432 
1.29139 
1.32864 
1.36605 
1.40359 
1.44124 
1.47897 
1.51677 
1.55461 
1.59246 
1.63029 
1.66809 
1.70582 
1.74345 
1.78097 
1.81834 
1.85554 
1.89253 
1.9293 
1.96582 
2.00205 
2.03798 
2.07357 
2.10879 
2.14362 
2.17804 
2.21201 
2.24551 
2.27852 
2.31101 
2.34294 
2.37431 
2.40508 
2.43523 
2.46473 
2.49357 
2.52172 
2.54916 
2.57587 
2.60182 
2.62701 
2.6514 
2.67499 
2.69775 
2.71967 
2.74073 
2.76093 
2.78023 
2.79864 
2.81614 
2.83272 
2.84837 
2.86308 
2.87684 
2.88965 
2.9015 
2.91239 
2.92231 
2.93127 
2.93925 
2.94626 
2.95231 
2.95739 
2.9615 
2.96465 
2.96685 
2.9681 
2.96842 
2.9678 
2.96625 
2.9638 
2.96045 
2.95621 
2.9511 
2.94512 
2.93831 
2.93067 
2.92223 
2.91299 
2.90298 
2.89222 
2.88074 
2.86854 
2.85566 
2.84212 
2.82794 
2.81314 
2.79776 
2.78182 
2.76533 
2.74834 
2.73087 
2.71294 
2.69458 
2.67582 
2.6567 
2.63723 
2.61745 
2.59739 
2.57708 
2.55654 
2.53581 
2.51492 
2.49389 
2.47276 
2.45155 
2.4303 
2.40903 
2.38778 
2.36657 
2.34542 
2.32438 
2.30346 
2.2827 
2.26212 
2.24175 
2.22161 
2.20173 
2.18214 
2.16285 
2.1439 
2.1253 
2.10709 
2.08927 
2.07187 
2.05492 
2.03843 
2.02242 
2.0069 
1.99191 
1.97744 
1.96353 
1.95017 
1.93739 
1.9252 
1.91361 
1.90263 
1.89227 
1.88254 
1.87346 
1.86502 
1.85723 
1.85009 
1.84363 
1.83782 
1.83269 
1.82822 
1.82443 
1.82131 
1.81885 
1.81706 
1.81594 
1.81548 
1.81567 
1.81651 
1.818 
1.82012 
1.82287 
1.82624 
1.83023 
1.83481 
1.83997 
1.84572 
1.85203 
1.85888 
1.86628 
1.8742 
1.88262 
1.89154 
1.90093 
1.91078 
1.92107 
1.93178 
1.9429 
1.9544 
1.96628 
1.9785 
1.99105 
2.0039 
2.01705 
2.03046 
2.04412 
2.058 
2.07209 
2.08636 
2.1008 
2.11537 
2.13007 
2.14486 
2.15973 
2.17466 
2.18961 
2.20458 
2.21955 
2.23448 
2.24936 
2.26417 
2.27889 
2.2935 
2.30798 
2.32231 
2.33647 
2.35045 
2.36422 
2.37776 
2.39106 
2.4041 
2.41687 
2.42935 
2.44152 
2.45337 
2.46489 
2.47606 
2.48686 
2.49729 
2.50733 
2.51697 
2.5262 
2.53501 
2.54339 
2.55134 
2.55883 
2.56588 
2.57246 
2.57858 
2.58422 
2.58939 
2.59408 
2.59828 
2.602 
2.60523 
2.60797 
2.61022 
2.61198 
2.61325 
2.61404 
2.61434 
2.61416 
2.61351 
2.61238 
2.61078 
2.60872 
2.60621 
2.60325 
2.59984 
2.596 
2.59174 
2.58706 
2.58198 
2.5765 
2.57064 
2.56441 
2.55781 
2.55087 
2.54359 
2.53599 
2.52808 
2.51988 
2.51139 
2.50264 
2.49364 
2.4844 
2.47494 
2.46527 
2.45542 
2.44539 
2.43521 
2.42488 
2.41443 
2.40387 
2.39323 
2.3825 
2.37172 
2.3609 
2.35005 
2.33919 
2.32834 
2.31751 
2.30673 
2.296 
2.28534 
2.27476 
2.2643 
2.25394 
2.24372 
2.23365 
2.22374 
2.214 
2.20446 
2.19511 
2.18598 
2.17707 
2.1684 
2.15999 
2.15183 
2.14394 
2.13634 
2.12903 
2.12202 
2.11531 
2.10893 
2.10286 
2.09713 
2.09174 
2.08669 
2.08199 
2.07765 
2.07366 
2.07003 
2.06677 
2.06388 
2.06135 
2.0592 
2.05741 
2.056 
2.05496 
2.05429 
2.05398 
2.05405 
2.05448 
2.05527 
2.05641 
2.05791 
2.05976 
2.06195 
2.06448 
2.06734 
2.07052 
2.07402 
2.07783 
2.08195 
2.08636 
2.09105 
2.09602 
2.10125 
2.10675 
2.11248 
2.11846 
2.12466 
2.13107 
2.13769 
2.1445 
2.15149 
2.15865 
2.16596 
2.17341 
2.181 
2.1887 
2.19651 
2.20442 
2.2124 
2.22045 
2.22855 
2.2367 
2.24487 
2.25306 
2.26125 
2.26943 
2.27759 
2.28572 
2.29379 
2.30181 
2.30976 
2.31762 
2.32538 
2.33304 
2.34059 
2.348 
2.35527 
2.3624 
2.36936 
2.37615 
2.38276 
2.38919 
2.39542 
2.40144 
2.40724 
2.41283 
2.41818 
2.4233 
2.42818 
2.4328 
2.43717 
2.44129 
2.44513 
2.44871 
2.45202 
2.45504 
2.45779 
2.46026 
2.46244 
2.46434 
2.46594 
2.46726 
2.46829 
2.46904 
2.46949 
2.46966 
2.46954 
2.46914 
2.46846 
2.4675 
2.46626 
2.46476 
2.46298 
2.46094 
2.45864 
2.45609 
2.4533 
2.45026 
2.44698 
2.44348 
2.43975 
2.43581 
2.43166 
2.42731 
2.42277 
2.41805 
2.41315 
2.40809 
2.40287 
2.3975 
2.392 
2.38636 
2.38061 
2.37475 
2.36879 
2.36274 
2.35661 
2.35042 
2.34416 
2.33786 
2.33153 
2.32516 
2.31878 
2.31239 
2.30601 
2.29964 
2.29329 
2.28698 
2.28071 
2.2745 
2.26835 
2.26228 
2.25629 
2.25039 
2.24459 
2.2389 
2.23333 
2.22788 
2.22258 
2.21741 
2.21239 
2.20753 
2.20284 
2.19831 
2.19396 
2.1898 
2.18582 
2.18204 
2.17846 
2.17508 
2.17191 
2.16896 
2.16621 
2.16369 
2.16139 
2.15931 
2.15746 
2.15584 
2.15445 
2.15329 
2.15236 
2.15166 
2.15119 
2.15095 
2.15094 
2.15116 
2.1516 
2.15227 
2.15317 
2.15428 
2.15561 
2.15715 
2.1589 
2.16085 
2.16301 
2.16536 
2.1679 
2.17063 
2.17354 
2.17663 
2.17988 
2.18329 
2.18687 
2.19058 
2.19445 
2.19844 
2.20257 
2.20681 
2.21117 
2.21563 
2.22018 
2.22483 
2.22956 
2.23436 
2.23922 
2.24414 
2.2491 
2.2541 
2.25914 
2.26419 
2.26926 
2.27433 
2.2794 
2.28446 
2.2895 
2.2945 
2.29948 
2.3044 
2.30928 
2.31409 
2.31883 
2.3235 
2.32809 
2.33258 
2.33698 
2.34128 
2.34546 
2.34953 
2.35347 
2.35729 
2.36097 
2.36451 
2.3679 
2.37115 
2.37424 
2.37717 
2.37994 
2.38254 
2.38497 
2.38722 
2.3893 
2.39121 
2.39293 
2.39446 
2.39581 
2.39698 
2.39796 
2.39875 
2.39935 
2.39976 
2.39999 
2.40003 
2.39988 
2.39954 
2.39902 
2.39832 
2.39744 
2.39638 
2.39515 
2.39374 
2.39217 
2.39043 
2.38852 
2.38646 
2.38425 
2.38188 
2.37937 
2.37672 
2.37394 
2.37103 
2.36799 
2.36484 
2.36157 
2.3582 
2.35473 
2.35116 
2.34751 
2.34377 
2.33996 
2.33609 
2.33215 
2.32816 
2.32413 
2.32005 
2.31594 
2.31181 
2.30765 
2.30349 
2.29932 
2.29515 
2.291 
2.28686 
2.28274 
2.27866 
2.27461 
2.2706 
2.26665 
2.26275 
2.25892 
2.25515 
2.25146 
2.24786 
2.24433 
2.2409 
2.23757 
2.23434 
2.23122 
2.22821 
2.22532 
2.22255 
2.21991 
2.21739 
2.21501 
2.21277 
2.21066 
2.2087 
2.20688 
2.20521 
2.20369 
2.20232 
2.2011 
2.20004 
2.19914 
2.19839 
2.19779 
2.19736 
2.19708 
2.19695 
2.19699 
2.19718 
2.19752 
2.19802 
2.19866 
2.19946 
2.2004 
2.20149 
2.20273 
2.2041 
2.2056 
2.20725 
2.20902 
2.21091 
2.21293 
2.21507 
2.21732 
2.21969 
2.22215 
2.22472 
2.22738 
2.23013 
2.23297 
2.23589 
2.23888 
2.24194 
2.24507 
2.24825 
2.25149 
2.25477 
2.25809 
2.26144 
2.26483 
2.26823 
2.27165 
2.27509 
2.27853 
2.28196 
2.28539 
2.28881 
2.2922 
2.29557 
2.29891 
2.30222 
2.30548 
2.3087 
2.31186 
2.31497 
2.31801 
2.32098 
2.32388 
2.32671 
2.32945 
2.33211 
2.33467 
2.33715 
2.33952 
2.34179 
2.34395 
2.34601 
2.34795 
2.34978 
2.3515 
2.35309 
2.35456 
2.3559 
2.35712 
2.35822 
2.35918 
2.36001 
2.36072 
2.36129 
2.36173 
2.36204 
2.36221 
2.36225 
2.36217 
2.36195 
2.3616 
2.36112 
2.36052 
2.35979 
2.35894 
2.35796 
2.35687 
2.35566 
2.35433 
2.35289 
2.35135 
2.3497 
2.34794 
2.34609 
2.34414 
2.3421 
2.33997 
2.33776 
2.33547 
2.33311 
2.33067 
2.32817 
2.32561 
2.32299 
2.32032 
2.3176 
2.31484 
2.31204 
2.30921 
2.30635 
2.30347 
2.30058 
2.29767 
2.29475 
2.29184 
2.28892 
2.28602 
2.28313 
2.28025 
2.27741 
2.27458 
2.2718 
2.26905 
2.26634 
2.26368 
2.26107 
2.25851 
2.25602 
2.25359 
2.25123 
2.24894 
2.24672 
2.24458 
2.24253 
2.24056 
2.23868 
2.23689 
2.2352 
2.2336 
2.2321 
2.2307 
2.22941 
2.22822 
2.22713 
2.22616 
2.22529 
2.22454 
2.22389 
2.22336 
2.22294 
2.22263 
2.22243 
2.22235 
2.22238 
2.22251 
2.22276 
2.22312 
2.22359 
2.22416 
2.22484 
2.22563 
2.22651 
2.2275 
2.22858 
2.22976 
2.23103 
2.23239 
2.23384 
2.23538 
2.23699 
2.23868 
2.24045 
2.24229 
2.2442 
2.24617 
2.2482 
2.25028 
2.25242 
2.25461 
2.25684 
2.25911 
2.26142 
2.26375 
2.26612 
2.26851 
2.27092 
2.27334 
2.27577 
2.2782 
2.28064 
2.28307 
2.2855 
2.28791 
2.29031 
2.29269 
2.29504 
2.29736 
2.29966 
2.30191 
2.30412 
2.30629 
2.30842 
2.31049 
2.3125 
2.31446 
2.31635 
2.31818 
2.31994 
2.32164 
2.32325 
2.3248 
2.32626 
2.32764 
2.32894 
2.33016 
2.33129 
2.33233 
2.33328 
2.33413 
2.3349 
2.33557 
2.33615 
2.33664 
2.33703 
2.33732 
2.33752 
2.33762 
2.33763 
2.33754 
2.33735 
2.33708 
2.3367 
2.33624 
2.33569 
2.33504 
2.33431 
2.3335 
2.33259 
2.33161 
2.33054 
2.3294 
2.32818 
2.32689 
2.32552 
2.32409 
2.32259 
2.32103 
2.31941 
2.31773 
2.316 
2.31422 
2.31239 
2.31052 
2.30862 
2.30667 
2.30469 
2.30269 
2.30065 
2.2986 
2.29653 
2.29444 
2.29235 
2.29025 
2.28814 
2.28604 
2.28394 
2.28185 
2.27977 
2.27771 
2.27566 
2.27364 
2.27165 
2.26969 
2.26775 
2.26586 
2.26401 
2.26219 
2.26043 
2.25871 
2.25704 
2.25543 
2.25388 
2.25238 
2.25095 
2.24958 
2.24828 
2.24704 
2.24588 
2.24478 
2.24377 
2.24282 
2.24195 
2.24116 
2.24045 
2.23982 
2.23927 
2.2388 
2.23841 
2.2381 
2.23787 
2.23773 
2.23767 
2.23768 
2.23778 
2.23796 
2.23822 
2.23856 
2.23898 
2.23947 
2.24004 
2.24068 
2.24139 
2.24218 
2.24303 
2.24395 
2.24494 
2.24599 
2.2471 
2.24827 
2.24949 
2.25077 
2.2521 
2.25348 
2.2549 
2.25637 
2.25787 
2.25942 
2.26099 
2.2626 
2.26423 
2.26589 
2.26758 
2.26928 
2.27099 
2.27272 
2.27445 
2.27619 
2.27794 
2.27968 
2.28142 
2.28315 
2.28487 
2.28658 
2.28827 
2.28994 
2.29159 
2.29321 
2.2948 
2.29636 
2.29789 
2.29939 
2.30084 
2.30225 
2.30362 
2.30494 
2.30621 
2.30743 
2.3086 
2.30971 
2.31077 
2.31177 
2.3127 
2.31358 
2.3144 
2.31515 
2.31583 
2.31645 
2.317 
2.31749 
2.31791 
2.31825 
2.31853 
2.31874 
2.31888 
2.31895 
2.31895 
2.31889 
2.31875 
2.31855 
2.31828 
2.31794 
2.31754 
2.31707 
2.31653 
2.31594 
2.31529 
2.31457 
2.3138 
2.31297 
2.31208 
2.31115 
2.31016 
2.30912 
2.30804 
2.30691 
2.30574 
2.30453 
2.30328 
2.302 
2.30068 
2.29934 
2.29796 
2.29656 
2.29514 
2.2937 
2.29224 
2.29077 
2.28928 
2.28779 
2.28629 
2.28479 
2.28328 
2.28178 
2.28028 
2.27879 
2.27731 
2.27585 
2.2744 
2.27296 
2.27155 
2.27016 
2.2688 
2.26746 
2.26616 
2.26488 
2.26364 
2.26244 
2.26127 
2.26015 
2.25907 
2.25803 
2.25704 
2.25609 
2.2552 
2.25435 
2.25356 
2.25281 
2.25213 
2.25149 
2.25092 
2.25039 
2.24993 
2.24952 
2.24917 
2.24888 
2.24865 
2.24848 
2.24836 
2.24831 
2.24831 
2.24837 
2.24848 
2.24866 
2.24889 
2.24918 
2.24952 
2.24991 
2.25036 
2.25086 
2.25141 
2.25201 
2.25266 
2.25335 
2.25409 
2.25487 
2.25569 
2.25655 
2.25745 
2.25839 
2.25936 
2.26036 
2.26139 
2.26245 
2.26354 
2.26465 
2.26578 
2.26692 
2.26809 
2.26927 
2.27046 
2.27166 
2.27287 
2.27409 
2.2753 
2.27652 
2.27773 
2.27894 
2.28015 
2.28134 
2.28253 
2.2837 
2.28486 
2.28599 
2.28711 
2.28821 
2.28929 
2.29033 
2.29135 
2.29235 
2.29331 
2.29424 
2.29513 
2.29599 
2.29681 
2.29759 
2.29833 
2.29903 
2.29969 
2.30031 
2.30088 
2.3014 
2.30188 
2.30232 
2.3027 
2.30304 
2.30333 
2.30357 
2.30376 
2.3039 
2.30399 
2.30404 
2.30403 
2.30398 
2.30388 
2.30373 
2.30353 
2.30328 
2.30299 
2.30266 
2.30227 
2.30185 
2.30138 
2.30087 
2.30032 
2.29973 
2.2991 
2.29844 
2.29774 
2.297 
2.29624 
2.29544 
2.29461 
2.29376 
2.29288 
2.29197 
2.29105 
2.2901 
2.28913 
2.28815 
2.28716 
2.28615 
2.28513 
2.2841 
2.28306 
2.28202 
2.28098 
2.27993 
2.27889 
2.27784 
2.27681 
2.27578 
2.27476 
2.27375 
2.27275 
2.27176 
2.2708 
2.26985 
2.26891 
2.268 
2.26712 
2.26625 
2.26541 
2.2646 
2.26382 
2.26307 
2.26235 
2.26165 
2.261 
2.26038 
2.25979 
2.25924 
2.25872 
2.25825 
2.25781 
2.25741 
2.25705 
2.25673 
2.25645 
2.25621 
2.25602 
2.25586 
2.25574 
2.25567 
2.25564 
2.25564 
2.25569 
2.25578 
2.2559 
2.25607 
2.25628 
2.25652 
2.2568 
2.25711 
2.25747 
2.25785 
2.25827 
2.25873 
2.25921 
2.25973 
2.26027 
2.26084 
2.26144 
2.26207 
2.26272 
2.26339 
2.26408 
2.26479 
2.26552 
2.26627 
2.26703 
2.2678 
2.26859 
2.26938 
2.27019 
2.271 
2.27182 
2.27264 
2.27346 
2.27428 
2.2751 
2.27592 
2.27673 
2.27753 
2.27833 
2.27912 
2.2799 
2.28066 
2.28141 
2.28215 
2.28286 
2.28356 
2.28424 
2.2849 
2.28554 
2.28615 
2.28674 
2.28731 
2.28784 
2.28835 
2.28884 
2.28929 
2.28971 
2.2901 
2.29046 
2.29079 
2.29109 
2.29135 
2.29158 
2.29177 
2.29194 
2.29206 
2.29216 
2.29222 
2.29224 
2.29223 
2.29219 
2.29211 
2.292 
2.29186 
2.29168 
2.29147 
2.29123 
2.29096 
2.29066 
2.29033 
2.28997 
2.28958 
2.28916 
2.28872 
2.28825 
2.28776 
2.28724 
2.2867 
2.28614 
2.28556 
2.28497 
2.28435 
2.28372 
2.28307 
2.28241 
2.28174 
2.28106 
2.28036 
2.27966 
2.27895 
2.27824 
2.27752 
2.2768 
2.27608 
2.27536 
2.27464 
2.27393 
2.27322 
2.27251 
2.27182 
2.27113 
2.27045 
2.26978 
2.26912 
2.26848 
2.26785 
2.26724 
2.26665 
2.26607 
2.26552 
2.26498 
2.26446 
2.26397 
2.2635 
2.26305 
2.26263 
2.26223 
2.26186 
2.26152 
2.2612 
2.26091 
2.26064 
2.26041 
2.2602 
2.26002 
2.25988 
2.25976 
2.25967 
2.2596 
2.25957 
2.25957 
2.2596 
2.25965 
2.25973 
2.25984 
2.25998 
2.26015 
2.26034 
2.26056 
2.26081 
2.26107 
2.26137 
2.26169 
2.26203 
2.26239 
2.26277 
2.26317 
2.2636 
2.26404 
2.2645 
2.26497 
2.26546 
2.26596 
2.26648 
2.26701 
2.26755 
2.2681 
2.26865 
2.26922 
2.26979 
2.27036 
2.27094 
2.27152 
2.2721 
2.27268 
2.27326 
2.27384 
2.27441 
2.27498 
2.27554 
2.27609 
2.27664 
2.27718 
2.2777 
2.27822 
2.27872 
2.2792 
2.27968 
2.28013 
2.28057 
2.281 
2.2814 
2.28179 
2.28215 
2.2825 
2.28282 
2.28312 
2.2834 
2.28366 
2.28389 
2.2841 
2.28429 
2.28445 
2.28459 
2.2847 
2.28479 
2.28485 
2.28488 
2.28489 
2.28488 
2.28484 
2.28478 
2.28469 
2.28458 
2.28444 
2.28428 
2.28409 
2.28388 
2.28365 
2.2834 
2.28313 
2.28283 
2.28252 
2.28218 
2.28183 
2.28146 
2.28107 
2.28067 
2.28025 
2.27981 
2.27937 
2.27891 
2.27843 
2.27795 
2.27746 
2.27696 
2.27645 
2.27593 
2.27541 
2.27489 
2.27436 
2.27383 
2.2733 
2.27277 
2.27224 
2.27171 
2.27119 
2.27067 
2.27015 
2.26964 
2.26914 
2.26865 
2.26817 
2.2677 
2.26724 
2.26679 
2.26635 
2.26593 
2.26552 
2.26513 
2.26476 
2.2644 
2.26406 
2.26374 
2.26344 
2.26316 
2.2629 
2.26266 
2.26244 
2.26224 
2.26206 
2.26191 
2.26178 
2.26167 
2.26159 
2.26152 
2.26148 
2.26147 
2.26148 
2.26151 
2.26156 
2.26164 
2.26174 
2.26186 
2.262 
2.26217 
2.26236 
2.26256 
2.26279 
2.26304 
2.26331 
2.2636 
2.2639 
2.26423 
2.26457 
2.26492 
2.2653 
2.26568 
2.26608 
2.2665 
2.26692 
2.26736 
2.26781 
2.26827 
2.26873 
2.26921 
2.26969 
2.27017 
2.27066 
2.27116 
2.27165 
2.27215 
2.27265 
2.27315 
2.27364 
2.27414 
2.27463 
2.27512 
2.2756 
2.27607 
2.27654 
2.277 
2.27745 
2.27789 
2.27832 
2.27874 
2.27915 
2.27954 
2.27992 
2.28028 
2.28063 
2.28096 
2.28127 
2.28157 
2.28185 
2.28211 
2.28235 
2.28257 
2.28277 
2.28296 
2.28312 
2.28326 
2.28338 
2.28347 
2.28355 
2.28361 
2.28364 
2.28365 
2.28364 
2.28361 
2.28355 
2.28348 
2.28338 
2.28326 
2.28313 
2.28297 
2.28279 
2.28259 
2.28237 
2.28214 
2.28188 
2.28161 
2.28132 
2.28102 
2.2807 
2.28036 
2.28001 
2.27964 
2.27927 
2.27888 
2.27848 
2.27806 
2.27764 
2.27721 
2.27677 
2.27633 
2.27588 
2.27542 
2.27496 
2.2745 
2.27403 
2.27356 
2.27309 
2.27262 
2.27216 
2.27169 
2.27123 
2.27077 
2.27032 
2.26988 
2.26944 
2.26901 
2.26858 
2.26817 
2.26777 
2.26737 
2.26699 
2.26663 
2.26627 
2.26593 
2.2656 
2.26529 
2.265 
2.26472 
2.26446 
2.26422 
2.26399 
2.26378 
2.26359 
2.26342 
2.26327 
2.26314 
2.26303 
2.26294 
2.26287 
2.26282 
2.26279 
2.26278 
2.26279 
2.26282 
2.26288 
2.26295 
2.26304 
2.26315 
2.26328 
2.26343 
2.2636 
2.26379 
2.264 
2.26422 
2.26446 
2.26472 
2.26499 
2.26528 
2.26558 
2.2659 
2.26623 
2.26658 
2.26693 
2.2673 
2.26768 
2.26807 
2.26846 
2.26887 
2.26928 
2.2697 
2.27013 
2.27056 
2.27099 
2.27143 
2.27187 
2.27231 
2.27275 
2.27319 
2.27362 
2.27406 
2.27449 
2.27492 
2.27534 
2.27576 
2.27617 
2.27657 
2.27696 
2.27735 
2.27772 
2.27809 
2.27844 
2.27878 
2.2791 
2.27941 
2.27971 
2.28 
2.28026 
2.28051 
2.28075 
2.28097 
2.28117 
2.28135 
2.28151 
2.28165 
2.28178 
2.28188 
2.28197 
2.28204 
2.28208 
2.28211 
2.28211 
2.2821 
2.28206 
2.282 
2.28193 
2.28183 
2.28172 
2.28158 
2.28142 
2.28125 
2.28105 
2.28084 
2.28061 
2.28036 
2.28009 
2.27981 
2.27951 
2.27919 
2.27886 
2.27851 
2.27815 
2.27778 
2.27739 
2.27699 
2.27658 
2.27616 
2.27572 
2.27528 
2.27483 
2.27437 
2.27391 
2.27344 
2.27296 
2.27248 
2.272 
2.27151 
2.27103 
2.27054 
2.27005 
2.26956 
2.26908 
2.26859 
2.26811 
2.26764 
2.26717 
2.2667 
2.26625 
2.2658 
2.26536 
2.26492 
2.2645 
2.26409 
2.26369 
2.2633 
2.26292 
2.26256 
2.26221 
2.26188 
2.26156 
2.26125 
2.26097 
2.26069 
2.26044 
2.2602 
2.25998 
2.25978 
2.2596 
2.25943 
2.25929 
2.25916 
2.25905 
2.25896 
2.25889 
2.25884 
2.25881 
2.2588 
2.2588 
2.25883 
2.25887 
2.25893 
2.25902 
2.25912 
2.25923 
2.25937 
2.25952 
2.25969 
2.25987 
2.26007 
2.26029 
2.26052 
2.26077 
2.26103 
2.2613 
2.26159 
2.26188 
2.26219 
2.26251 
2.26284 
2.26318 
2.26353 
2.26388 
2.26424 
2.26461 
2.26499 
2.26536 
2.26575 
2.26613 
2.26652 
2.26691 
2.2673 
2.26769 
2.26808 
2.26847 
2.26885 
2.26923 
2.26961 
2.26998 
2.27035 
2.27071 
2.27107 
2.27141 
2.27175 
2.27208 
2.2724 
2.27271 
2.273 
2.27329 
2.27356 
2.27382 
2.27407 
2.27431 
2.27453 
2.27473 
2.27492 
2.2751 
2.27526 
2.2754 
2.27553 
2.27564 
2.27573 
2.27581 
2.27587 
2.27591 
2.27594 
2.27595 
2.27594 
2.27591 
2.27587 
2.27581 
2.27573 
2.27563 
2.27552 
2.2754 
2.27525 
2.27509 
2.27492 
2.27472 
2.27452 
2.2743 
2.27406 
2.27382 
2.27355 
2.27328 
2.27299 
2.2727 
2.27239 
2.27207 
2.27174 
2.2714 
2.27105 
2.2707 
2.27034 
2.26997 
2.26959 
2.26921 
2.26883 
2.26844 
2.26805 
2.26766 
2.26726 
2.26686 
2.26647 
2.26607 
2.26568 
2.26529 
2.2649 
2.26451 
2.26413 
2.26375 
2.26338 
2.26301 
2.26265 
2.2623 
2.26196 
2.26162 
2.26129 
2.26098 
2.26067 
2.26038 
2.26009 
2.25982 
2.25956 
2.25931 
2.25908 
2.25886 
2.25865 
2.25846 
2.25828 
2.25811 
2.25796 
2.25783 
2.25771 
2.25761 
2.25752 
2.25745 
2.25739 
2.25735 
2.25732 
2.25731 
2.25732 
2.25734 
2.25738 
2.25743 
2.2575 
2.25758 
2.25767 
2.25778 
2.25791 
2.25805 
2.2582 
2.25836 
2.25854 
2.25873 
2.25893 
2.25914 
2.25936 
2.25959 
2.25984 
2.26009 
2.26035 
2.26062 
2.26089 
2.26118 
2.26147 
2.26176 
2.26206 
2.26237 
2.26267 
2.26299 
2.2633 
2.26362 
2.26393 
2.26425 
2.26457 
2.26488 
2.2652 
2.26551 
2.26583 
2.26613 
2.26644 
2.26674 
2.26703 
2.26732 
2.2676 
2.26788 
2.26815 
2.26841 
2.26866 
2.26891 
2.26914 
2.26936 
2.26958 
2.26978 
2.26998 
2.27016 
2.27033 
2.27049 
2.27063 
2.27076 
2.27088 
2.27099 
2.27108 
2.27116 
2.27123 
2.27128 
2.27132 
2.27135 
2.27136 
2.27136 
2.27134 
2.27131 
2.27127 
2.27121 
2.27114 
2.27105 
2.27096 
2.27084 
2.27072 
2.27058 
2.27043 
2.27027 
2.2701 
2.26992 
2.26972 
2.26951 
2.2693 
2.26907 
2.26884 
2.26859 
2.26834 
2.26807 
2.2678 
2.26753 
2.26724 
2.26695 
2.26666 
2.26636 
2.26605 
2.26574 
2.26543 
2.26512 
2.2648 
2.26448 
2.26416 
2.26383 
2.26351 
2.26319 
2.26287 
2.26255 
2.26223 
2.26192 
2.2616 
2.2613 
2.26099 
2.26069 
2.2604 
2.26011 
2.25982 
2.25955 
2.25928 
2.25902 
2.25876 
2.25851 
2.25828 
2.25805 
2.25783 
2.25761 
2.25741 
2.25722 
2.25704 
2.25687 
2.25671 
2.25656 
2.25642 
2.25629 
2.25618 
2.25607 
2.25598 
2.2559 
2.25583 
2.25577 
2.25572 
2.25569 
2.25566 
2.25565 
2.25565 
2.25565 
2.25567 
2.2557 
2.25575 
2.2558 
2.25586 
2.25593 
2.25601 
2.2561 
2.2562 
2.25631 
2.25643 
2.25655 
2.25669 
2.25683 
2.25697 
2.25713 
2.25729 
2.25745 
2.25762 
2.2578 
2.25798 
2.25817 
2.25836 
2.25855 
2.25874 
2.25894 
2.25914 
2.25934 
2.25954 
2.25974 
2.25995 
2.26015 
2.26035 
2.26055 
2.26075 
2.26094 
2.26114 
2.26133 
2.26152 
2.2617 
