2.66289e-14 
0 
0 
0 
0 
0 
2.66289e-14 
2.66289e-14 
5.32579e-14 
5.32579e-14 
5.32579e-14 
5.32579e-14 
5.32579e-14 
5.32579e-14 
7.98868e-14 
1.06516e-13 
1.06516e-13 
1.33145e-13 
1.33145e-13 
1.59774e-13 
1.59774e-13 
1.59774e-13 
1.86402e-13 
2.13031e-13 
2.3966e-13 
2.66289e-13 
2.66289e-13 
3.19547e-13 
3.19547e-13 
3.46176e-13 
3.46176e-13 
3.46176e-13 
3.46176e-13 
3.72805e-13 
3.46176e-13 
3.19547e-13 
3.19547e-13 
3.19547e-13 
3.19547e-13 
3.72805e-13 
3.99434e-13 
3.99434e-13 
4.26063e-13 
4.79321e-13 
4.79321e-13 
4.52692e-13 
4.79321e-13 
5.0595e-13 
5.0595e-13 
5.0595e-13 
5.32579e-13 
5.32579e-13 
5.32579e-13 
5.32579e-13 
5.32579e-13 
5.32579e-13 
5.32579e-13 
5.32579e-13 
5.32579e-13 
5.32579e-13 
5.32579e-13 
5.32579e-13 
5.32579e-13 
5.32579e-13 
5.32579e-13 
5.32579e-13 
5.32579e-13 
5.32579e-13 
5.32579e-13 
5.32579e-13 
5.32579e-13 
5.32579e-13 
5.32579e-13 
5.32579e-13 
5.32579e-13 
5.32579e-13 
5.32579e-13 
5.32579e-13 
5.32579e-13 
5.0595e-13 
5.0595e-13 
5.0595e-13 
4.79321e-13 
4.79321e-13 
4.52692e-13 
4.52692e-13 
4.52692e-13 
4.79321e-13 
4.79321e-13 
4.79321e-13 
4.79321e-13 
5.0595e-13 
5.32579e-13 
5.32579e-13 
5.32579e-13 
5.32579e-13 
5.59207e-13 
5.59207e-13 
5.59207e-13 
5.59207e-13 
5.59207e-13 
5.59207e-13 
5.59207e-13 
5.59207e-13 
5.32579e-13 
5.32579e-13 
5.59207e-13 
5.85836e-13 
5.85836e-13 
5.85836e-13 
5.85836e-13 
5.85836e-13 
5.85836e-13 
6.12465e-13 
6.12465e-13 
6.12465e-13 
6.12465e-13 
6.39094e-13 
6.39094e-13 
6.39094e-13 
6.12465e-13 
5.85836e-13 
5.59207e-13 
5.85836e-13 
6.12465e-13 
6.12465e-13 
6.12465e-13 
6.12465e-13 
5.85836e-13 
5.85836e-13 
5.85836e-13 
5.85836e-13 
5.85836e-13 
6.12465e-13 
6.12465e-13 
6.12465e-13 
6.12465e-13 
6.12465e-13 
6.12465e-13 
6.12465e-13 
6.12465e-13 
6.12465e-13 
6.12465e-13 
6.12465e-13 
6.12465e-13 
6.39094e-13 
6.39094e-13 
6.65723e-13 
6.65723e-13 
6.65723e-13 
6.39094e-13 
6.65723e-13 
6.65723e-13 
6.65723e-13 
6.65723e-13 
6.39094e-13 
6.39094e-13 
6.39094e-13 
6.39094e-13 
6.65723e-13 
6.92352e-13 
7.18981e-13 
7.18981e-13 
7.18981e-13 
7.18981e-13 
7.18981e-13 
7.18981e-13 
7.4561e-13 
7.4561e-13 
7.4561e-13 
7.4561e-13 
7.72239e-13 
7.72239e-13 
7.98868e-13 
8.25497e-13 
8.25497e-13 
8.52126e-13 
8.52126e-13 
8.78755e-13 
9.05384e-13 
9.05384e-13 
9.05384e-13 
9.05384e-13 
9.32012e-13 
9.58641e-13 
9.8527e-13 
1.0119e-12 
1.06516e-12 
1.09179e-12 
1.09179e-12 
1.11841e-12 
1.14504e-12 
1.14504e-12 
1.17167e-12 
1.1983e-12 
1.1983e-12 
1.22493e-12 
1.22493e-12 
1.25156e-12 
1.25156e-12 
1.27819e-12 
1.27819e-12 
1.27819e-12 
1.27819e-12 
1.30482e-12 
1.33145e-12 
1.33145e-12 
1.35808e-12 
1.35808e-12 
1.35808e-12 
1.33145e-12 
1.33145e-12 
1.3847e-12 
1.35808e-12 
1.35808e-12 
1.35808e-12 
1.3847e-12 
1.35808e-12 
1.35808e-12 
1.35808e-12 
1.3847e-12 
1.41133e-12 
1.3847e-12 
1.41133e-12 
1.43796e-12 
1.46459e-12 
1.46459e-12 
1.46459e-12 
1.46459e-12 
1.43796e-12 
1.46459e-12 
1.46459e-12 
1.46459e-12 
1.46459e-12 
1.46459e-12 
1.43796e-12 
1.41133e-12 
1.43796e-12 
1.43796e-12 
1.43796e-12 
1.43796e-12 
1.43796e-12 
1.43796e-12 
1.46459e-12 
1.46459e-12 
1.46459e-12 
1.46459e-12 
1.46459e-12 
1.43796e-12 
1.43796e-12 
1.43796e-12 
1.43796e-12 
1.43796e-12 
1.41133e-12 
1.41133e-12 
1.3847e-12 
1.3847e-12 
1.3847e-12 
1.41133e-12 
1.41133e-12 
1.41133e-12 
1.43796e-12 
1.43796e-12 
1.41133e-12 
1.41133e-12 
1.35808e-12 
1.35808e-12 
1.35808e-12 
1.35808e-12 
1.35808e-12 
1.3847e-12 
1.41133e-12 
1.3847e-12 
1.35808e-12 
1.35808e-12 
1.35808e-12 
1.33145e-12 
1.33145e-12 
1.33145e-12 
1.35808e-12 
1.35808e-12 
1.3847e-12 
1.3847e-12 
1.41133e-12 
1.41133e-12 
1.41133e-12 
1.41133e-12 
1.43796e-12 
1.43796e-12 
1.43796e-12 
1.43796e-12 
1.43796e-12 
1.43796e-12 
1.43796e-12 
1.43796e-12 
1.43796e-12 
1.41133e-12 
1.43796e-12 
1.43796e-12 
1.43796e-12 
1.43796e-12 
1.43796e-12 
1.43796e-12 
1.43796e-12 
1.46459e-12 
1.46459e-12 
1.46459e-12 
1.43796e-12 
1.41133e-12 
1.43796e-12 
1.43796e-12 
1.43796e-12 
1.43796e-12 
1.43796e-12 
1.43796e-12 
1.43796e-12 
1.49122e-12 
1.49122e-12 
1.49122e-12 
1.51785e-12 
1.51785e-12 
1.51785e-12 
1.57111e-12 
1.59774e-12 
1.62436e-12 
1.62436e-12 
1.65099e-12 
1.67762e-12 
1.67762e-12 
1.70425e-12 
1.67762e-12 
1.67762e-12 
1.67762e-12 
1.67762e-12 
1.67762e-12 
1.67762e-12 
1.67762e-12 
1.70425e-12 
1.70425e-12 
1.73088e-12 
1.75751e-12 
1.78414e-12 
1.78414e-12 
1.81077e-12 
1.78414e-12 
1.78414e-12 
1.78414e-12 
1.81077e-12 
1.81077e-12 
1.78414e-12 
1.78414e-12 
1.78414e-12 
1.78414e-12 
1.78414e-12 
1.75751e-12 
1.75751e-12 
1.75751e-12 
1.75751e-12 
1.75751e-12 
1.73088e-12 
1.73088e-12 
1.73088e-12 
1.73088e-12 
1.75751e-12 
1.75751e-12 
1.78414e-12 
1.78414e-12 
1.81077e-12 
1.81077e-12 
1.81077e-12 
1.8374e-12 
1.8374e-12 
1.81077e-12 
1.8374e-12 
1.8374e-12 
1.8374e-12 
1.8374e-12 
1.8374e-12 
1.86402e-12 
1.89065e-12 
1.89065e-12 
1.89065e-12 
1.89065e-12 
1.91728e-12 
1.91728e-12 
1.94391e-12 
1.94391e-12 
1.97054e-12 
2.0238e-12 
2.05043e-12 
2.05043e-12 
2.10369e-12 
2.13031e-12 
2.18357e-12 
2.2102e-12 
2.26346e-12 
2.31672e-12 
2.36997e-12 
2.44986e-12 
2.47649e-12 
2.55638e-12 
2.63626e-12 
2.74278e-12 
2.82267e-12 
2.92918e-12 
3.00907e-12 
3.11558e-12 
3.24873e-12 
3.38187e-12 
3.51502e-12 
3.67479e-12 
3.83457e-12 
3.99434e-12 
4.20737e-12 
4.4204e-12 
4.63343e-12 
4.87309e-12 
5.13938e-12 
5.37904e-12 
5.64533e-12 
5.96488e-12 
6.28443e-12 
6.60397e-12 
6.95015e-12 
7.34958e-12 
7.77565e-12 
8.20171e-12 
8.6544e-12 
9.16035e-12 
9.69293e-12 
1.02255e-11 
1.08646e-11 
1.15037e-11 
1.21694e-11 
1.2915e-11 
1.36606e-11 
1.44595e-11 
1.53649e-11 
1.62969e-11 
1.73088e-11 
1.83207e-11 
1.94391e-11 
2.06374e-11 
2.1889e-11 
2.32204e-11 
2.46318e-11 
2.61496e-11 
2.77473e-11 
2.94516e-11 
3.1289e-11 
3.32063e-11 
3.52833e-11 
3.74669e-11 
3.98102e-11 
4.22867e-11 
4.49496e-11 
4.77723e-11 
5.07814e-11 
5.39502e-11 
5.73055e-11 
6.0927e-11 
6.47083e-11 
6.87293e-11 
7.29899e-11 
7.75434e-11 
8.23633e-11 
8.75027e-11 
9.29616e-11 
9.87401e-11 
1.04865e-10 
1.11362e-10 
1.18286e-10 
1.25582e-10 
1.33358e-10 
1.41613e-10 
1.50347e-10 
1.59587e-10 
1.69413e-10 
1.79825e-10 
1.90823e-10 
2.02486e-10 
2.14869e-10 
2.2797e-10 
2.41871e-10 
2.5657e-10 
2.72121e-10 
2.88578e-10 
3.06046e-10 
3.245e-10 
3.44046e-10 
3.6471e-10 
3.86546e-10 
4.09633e-10 
4.34131e-10 
4.60015e-10 
4.87389e-10 
5.16335e-10 
5.46958e-10 
5.79286e-10 
6.13451e-10 
6.49613e-10 
6.87799e-10 
7.28141e-10 
7.70748e-10 
8.15804e-10 
8.63336e-10 
9.13585e-10 
9.66657e-10 
1.02268e-09 
1.08185e-09 
1.14432e-09 
1.21026e-09 
1.27984e-09 
1.35323e-09 
1.43069e-09 
1.51239e-09 
1.59859e-09 
1.68955e-09 
1.78547e-09 
1.88661e-09 
1.99326e-09 
2.10571e-09 
2.22423e-09 
2.34918e-09 
2.48086e-09 
2.61962e-09 
2.76581e-09 
2.91986e-09 
3.08217e-09 
3.2531e-09 
3.43311e-09 
3.62271e-09 
3.82232e-09 
4.03252e-09 
4.25381e-09 
4.48676e-09 
4.73191e-09 
4.98991e-09 
5.26142e-09 
5.54707e-09 
5.84755e-09 
6.16366e-09 
6.49615e-09 
6.84582e-09 
7.21348e-09 
7.60014e-09 
8.00663e-09 
8.43391e-09 
8.88309e-09 
9.35517e-09 
9.85126e-09 
1.03725e-08 
1.09202e-08 
1.14956e-08 
1.21e-08 
1.27348e-08 
1.34014e-08 
1.41015e-08 
1.48366e-08 
1.56083e-08 
1.64184e-08 
1.72688e-08 
1.81613e-08 
1.90979e-08 
2.00808e-08 
2.11119e-08 
2.21937e-08 
2.33285e-08 
2.45188e-08 
2.57671e-08 
2.70762e-08 
2.84489e-08 
2.98879e-08 
3.13966e-08 
3.29781e-08 
3.46356e-08 
3.63728e-08 
3.81932e-08 
4.01005e-08 
4.20988e-08 
4.41922e-08 
4.6385e-08 
4.86816e-08 
5.10868e-08 
5.36054e-08 
5.62425e-08 
5.90034e-08 
6.18936e-08 
6.49189e-08 
6.80852e-08 
7.13988e-08 
7.48663e-08 
7.84943e-08 
8.229e-08 
8.62606e-08 
9.04139e-08 
9.47578e-08 
9.93006e-08 
1.04051e-07 
1.09018e-07 
1.14211e-07 
1.19639e-07 
1.25313e-07 
1.31244e-07 
1.37442e-07 
1.43918e-07 
1.50685e-07 
1.57755e-07 
1.65141e-07 
1.72856e-07 
1.80914e-07 
1.89329e-07 
1.98117e-07 
2.07292e-07 
2.16872e-07 
2.26873e-07 
2.37313e-07 
2.48209e-07 
2.59581e-07 
2.71448e-07 
2.83831e-07 
2.9675e-07 
3.10229e-07 
3.24289e-07 
3.38954e-07 
3.5425e-07 
3.702e-07 
3.86833e-07 
4.04176e-07 
4.22256e-07 
4.41105e-07 
4.60751e-07 
4.81229e-07 
5.02569e-07 
5.24808e-07 
5.4798e-07 
5.72122e-07 
5.97273e-07 
6.23472e-07 
6.50761e-07 
6.79182e-07 
7.0878e-07 
7.39599e-07 
7.71689e-07 
8.05097e-07 
8.39875e-07 
8.76076e-07 
9.13755e-07 
9.52968e-07 
9.93774e-07 
1.03623e-06 
1.08041e-06 
1.12637e-06 
1.17418e-06 
1.22391e-06 
1.27562e-06 
1.32941e-06 
1.38534e-06 
1.4435e-06 
1.50396e-06 
1.56681e-06 
1.63215e-06 
1.70006e-06 
1.77065e-06 
1.84399e-06 
1.92021e-06 
1.9994e-06 
2.08168e-06 
2.16715e-06 
2.25593e-06 
2.34814e-06 
2.44391e-06 
2.54336e-06 
2.64663e-06 
2.75385e-06 
2.86516e-06 
2.98072e-06 
3.10067e-06 
3.22516e-06 
3.35437e-06 
3.48845e-06 
3.62757e-06 
3.77192e-06 
3.92168e-06 
4.07703e-06 
4.23817e-06 
4.4053e-06 
4.57864e-06 
4.75838e-06 
4.94476e-06 
5.13801e-06 
5.33835e-06 
5.54603e-06 
5.7613e-06 
5.98442e-06 
6.21566e-06 
6.45528e-06 
6.70358e-06 
6.96083e-06 
7.22736e-06 
7.50345e-06 
7.78944e-06 
8.08566e-06 
8.39243e-06 
8.71011e-06 
9.03906e-06 
9.37965e-06 
9.73227e-06 
1.00973e-05 
1.04751e-05 
1.08662e-05 
1.1271e-05 
1.16898e-05 
1.21233e-05 
1.25717e-05 
1.30357e-05 
1.35156e-05 
1.40121e-05 
1.45257e-05 
1.50568e-05 
1.5606e-05 
1.6174e-05 
1.67612e-05 
1.73684e-05 
1.79961e-05 
1.86449e-05 
1.93156e-05 
2.00087e-05 
2.07251e-05 
2.14653e-05 
2.22302e-05 
2.30204e-05 
2.38369e-05 
2.46802e-05 
2.55514e-05 
2.64512e-05 
2.73804e-05 
2.834e-05 
2.93309e-05 
3.0354e-05 
3.14102e-05 
3.25006e-05 
3.36261e-05 
3.47879e-05 
3.59869e-05 
3.72242e-05 
3.8501e-05 
3.98184e-05 
4.11777e-05 
4.25799e-05 
4.40264e-05 
4.55184e-05 
4.70572e-05 
4.86442e-05 
5.02808e-05 
5.19683e-05 
5.37081e-05 
5.55019e-05 
5.7351e-05 
5.9257e-05 
6.12216e-05 
6.32464e-05 
6.53329e-05 
6.7483e-05 
6.96984e-05 
7.19809e-05 
7.43322e-05 
7.67544e-05 
7.92494e-05 
8.1819e-05 
8.44654e-05 
8.71905e-05 
8.99966e-05 
9.28857e-05 
9.58602e-05 
9.89221e-05 
0.000102074 
0.000105318 
0.000108657 
0.000112093 
0.000115629 
0.000119267 
0.000123009 
0.00012686 
0.000130821 
0.000134895 
0.000139086 
0.000143396 
0.000147827 
0.000152384 
0.00015707 
0.000161887 
0.000166839 
0.000171929 
0.000177162 
0.000182539 
0.000188065 
0.000193744 
0.000199579 
0.000205574 
0.000211733 
0.00021806 
0.000224559 
0.000231233 
0.000238089 
0.000245129 
0.000252357 
0.00025978 
0.0002674 
0.000275223 
0.000283254 
0.000291496 
0.000299956 
0.000308638 
0.000317548 
0.00032669 
0.00033607 
0.000345693 
0.000355565 
0.000365691 
0.000376077 
0.000386729 
0.000397653 
0.000408855 
0.000420341 
0.000432117 
0.00044419 
0.000456566 
0.000469252 
0.000482254 
0.000495579 
0.000509234 
0.000523226 
0.000537563 
0.000552251 
0.000567299 
0.000582713 
0.000598501 
0.000614671 
0.000631231 
0.000648188 
0.000665552 
0.00068333 
0.000701531 
0.000720164 
0.000739236 
0.000758757 
0.000778736 
0.000799181 
0.000820103 
0.000841509 
0.000863411 
0.000885817 
0.000908737 
0.000932182 
0.00095616 
0.000980683 
0.00100576 
0.0010314 
0.00105762 
0.00108443 
0.00111183 
0.00113984 
0.00116847 
0.00119773 
0.00122763 
0.00125819 
0.00128941 
0.00132131 
0.0013539 
0.00138719 
0.0014212 
0.00145593 
0.0014914 
0.00152763 
0.00156461 
0.00160238 
0.00164094 
0.0016803 
0.00172048 
0.00176149 
0.00180335 
0.00184606 
0.00188965 
0.00193413 
0.00197951 
0.0020258 
0.00207303 
0.0021212 
0.00217033 
0.00222043 
0.00227153 
0.00232364 
0.00237676 
0.00243092 
0.00248613 
0.00254242 
0.00259978 
0.00265825 
0.00271783 
0.00277854 
0.0028404 
0.00290343 
0.00296764 
0.00303305 
0.00309967 
0.00316753 
0.00323663 
0.003307 
0.00337865 
0.00345161 
0.00352588 
0.00360149 
0.00367845 
0.00375677 
0.00383649 
0.00391761 
0.00400016 
0.00408415 
0.00416959 
0.00425651 
0.00434493 
0.00443486 
0.00452632 
0.00461933 
0.00471391 
0.00481007 
0.00490783 
0.00500722 
0.00510825 
0.00521093 
0.00531529 
0.00542134 
0.00552911 
0.0056386 
0.00574984 
0.00586285 
0.00597764 
0.00609424 
0.00621265 
0.00633291 
0.00645501 
0.006579 
0.00670487 
0.00683265 
0.00696235 
0.007094 
0.00722761 
0.00736319 
0.00750077 
0.00764036 
0.00778198 
0.00792564 
0.00807137 
0.00821917 
0.00836906 
0.00852106 
0.00867518 
0.00883145 
0.00898986 
0.00915045 
0.00931322 
0.00947819 
0.00964538 
0.00981479 
0.00998644 
0.0101604 
0.0103365 
0.010515 
0.0106957 
0.0108788 
0.0110642 
0.0112519 
0.0114419 
0.0116343 
0.011829 
0.0120262 
0.0122257 
0.0124276 
0.0126319 
0.0128386 
0.0130477 
0.0132593 
0.0134733 
0.0136897 
0.0139086 
0.0141299 
0.0143537 
0.0145799 
0.0148086 
0.0150398 
0.0152735 
0.0155096 
0.0157482 
0.0159893 
0.0162329 
0.0164789 
0.0167275 
0.0169785 
0.017232 
0.017488 
0.0177465 
0.0180074 
0.0182708 
0.0185367 
0.018805 
0.0190758 
0.0193491 
0.0196247 
0.0199029 
0.0201834 
0.0204664 
0.0207517 
0.0210395 
0.0213297 
0.0216222 
0.0219171 
0.0222143 
0.0225139 
0.0228158 
0.02312 
0.0234264 
0.0237352 
0.0240462 
0.0243594 
0.0246748 
0.0249924 
0.0253122 
0.0256342 
0.0259582 
0.0262844 
0.0266126 
0.0269429 
0.0272752 
0.0276094 
0.0279457 
0.0282839 
0.028624 
0.0289659 
0.0293097 
0.0296554 
0.0300028 
0.0303519 
0.0307027 
0.0310552 
0.0314094 
0.0317651 
0.0321224 
0.0324812 
0.0328415 
0.0332032 
0.0335663 
0.0339308 
0.0342966 
0.0346636 
0.0350318 
0.0354012 
0.0357717 
0.0361433 
0.0365159 
0.0368895 
0.037264 
0.0376394 
0.0380156 
0.0383925 
0.0387702 
0.0391485 
0.0395274 
0.0399069 
0.0402869 
0.0406672 
0.041048 
0.041429 
0.0418103 
0.0421918 
0.0425734 
0.0429551 
0.0433368 
0.0437185 
0.0441 
0.0444813 
0.0448624 
0.0452431 
0.0456235 
0.0460034 
0.0463828 
0.0467616 
0.0471397 
0.0475172 
0.0478938 
0.0482696 
0.0486444 
0.0490183 
0.049391 
0.0497627 
0.0501331 
0.0505022 
0.05087 
0.0512363 
0.0516011 
0.0519644 
0.052326 
0.0526859 
0.053044 
0.0534002 
0.0537545 
0.0541068 
0.054457 
0.054805 
0.0551508 
0.0554944 
0.0558355 
0.0561742 
0.0565103 
0.0568439 
0.0571748 
0.057503 
0.0578283 
0.0581508 
0.0584703 
0.0587868 
0.0591002 
0.0594105 
0.0597175 
0.0600212 
0.0603216 
0.0606185 
0.0609119 
0.0612018 
0.061488 
0.0617706 
0.0620493 
0.0623243 
0.0625953 
0.0628624 
0.0631256 
0.0633846 
0.0636395 
0.0638902 
0.0641367 
0.0643789 
0.0646167 
0.0648501 
0.0650791 
0.0653035 
0.0655234 
0.0657387 
0.0659493 
0.0661552 
0.0663563 
0.0665527 
0.0667442 
0.0669308 
0.0671125 
0.0672893 
0.0674611 
0.0676278 
0.0677894 
0.067946 
0.0680974 
0.0682437 
0.0683848 
0.0685207 
0.0686513 
0.0687767 
0.0688968 
0.0690116 
0.0691211 
0.0692252 
0.069324 
0.0694175 
0.0695056 
0.0695883 
0.0696656 
0.0697375 
0.069804 
0.0698652 
0.0699209 
0.0699713 
0.0700163 
0.0700559 
0.0700901 
0.070119 
0.0701425 
0.0701607 
0.0701736 
0.0701812 
0.0701836 
0.0701806 
0.0701725 
0.0701592 
0.0701407 
0.070117 
0.0700883 
0.0700544 
0.0700156 
0.0699717 
0.0699229 
0.0698692 
0.0698107 
0.0697473 
0.0696791 
0.0696062 
0.0695287 
0.0694465 
0.0693598 
0.0692686 
0.069173 
0.069073 
0.0689687 
0.0688601 
0.0687474 
0.0686306 
0.0685097 
0.0683849 
0.0682561 
0.0681236 
0.0679874 
0.0678474 
0.067704 
0.067557 
0.0674066 
0.0672529 
0.067096 
0.0669359 
0.0667728 
0.0666067 
0.0664378 
0.0662661 
0.0660916 
0.0659147 
0.0657352 
0.0655533 
0.0653692 
0.0651828 
0.0649944 
0.064804 
0.0646117 
0.0644177 
0.064222 
0.0640247 
0.0638259 
0.0636258 
0.0634245 
0.063222 
0.0630185 
0.0628141 
0.0626088 
0.0624029 
0.0621964 
0.0619894 
0.061782 
0.0615744 
0.0613666 
0.0611588 
0.0609511 
0.0607435 
0.0605362 
0.0603294 
0.060123 
0.0599173 
0.0597123 
0.0595081 
0.0593049 
0.0591027 
0.0589017 
0.058702 
0.0585036 
0.0583067 
0.0581113 
0.0579176 
0.0577258 
0.0575357 
0.0573477 
0.0571617 
0.0569779 
0.0567964 
0.0566172 
0.0564405 
0.0562663 
0.0560948 
0.0559259 
0.0557599 
0.0555967 
0.0554365 
0.0552794 
0.0551254 
0.0549746 
0.0548271 
0.0546829 
0.0545422 
0.054405 
0.0542713 
0.0541413 
0.0540149 
0.0538923 
0.0537735 
0.0536586 
0.0535476 
0.0534406 
0.0533376 
0.0532386 
0.0531438 
0.0530531 
0.0529667 
0.0528844 
0.0528064 
0.0527327 
0.0526634 
0.0525983 
0.0525377 
0.0524814 
0.0524296 
0.0523822 
0.0523392 
0.0523007 
0.0522666 
0.052237 
0.0522119 
0.0521913 
0.0521751 
0.0521633 
0.052156 
0.0521532 
0.0521547 
0.0521607 
0.052171 
0.0521857 
0.0522048 
0.0522281 
0.0522558 
0.0522877 
0.0523237 
0.052364 
0.0524084 
0.0524569 
0.0525094 
0.0525659 
0.0526263 
0.0526907 
0.0527589 
0.0528308 
0.0529065 
0.0529858 
0.0530687 
0.0531551 
0.0532449 
0.0533382 
0.0534347 
0.0535345 
0.0536374 
0.0537434 
0.0538524 
0.0539643 
0.054079 
0.0541965 
0.0543166 
0.0544392 
0.0545643 
0.0546918 
0.0548216 
0.0549535 
0.0550876 
0.0552236 
0.0553615 
0.0555012 
0.0556426 
0.0557856 
0.05593 
0.0560758 
0.0562229 
0.0563712 
0.0565205 
0.0566708 
0.0568219 
0.0569738 
0.0571263 
0.0572793 
0.0574327 
0.0575865 
0.0577404 
0.0578945 
0.0580485 
0.0582024 
0.058356 
0.0585094 
0.0586622 
0.0588146 
0.0589662 
0.0591172 
0.0592672 
0.0594163 
0.0595643 
0.0597112 
0.0598568 
0.060001 
0.0601437 
0.0602849 
0.0604244 
0.0605622 
0.0606981 
0.0608321 
0.0609641 
0.061094 
0.0612216 
0.061347 
0.06147 
0.0615906 
0.0617087 
0.0618242 
0.061937 
0.062047 
0.0621543 
0.0622586 
0.06236 
0.0624584 
0.0625538 
0.062646 
0.062735 
0.0628209 
0.0629034 
0.0629826 
0.0630584 
0.0631308 
0.0631997 
0.0632651 
0.063327 
0.0633853 
0.0634401 
0.0634912 
0.0635387 
0.0635825 
0.0636226 
0.0636591 
0.0636918 
0.0637208 
0.0637461 
0.0637677 
0.0637856 
0.0637997 
0.0638101 
0.0638168 
0.0638198 
0.0638191 
0.0638147 
0.0638067 
0.0637951 
0.0637798 
0.063761 
0.0637387 
0.0637128 
0.0636835 
0.0636507 
0.0636146 
0.0635751 
0.0635323 
0.0634862 
0.0634369 
0.0633845 
0.063329 
0.0632705 
0.063209 
0.0631446 
0.0630774 
0.0630073 
0.0629346 
0.0628592 
0.0627813 
0.0627009 
0.0626181 
0.0625329 
0.0624455 
0.0623559 
0.0622643 
0.0621707 
0.0620751 
0.0619777 
0.0618786 
0.0617779 
0.0616756 
0.0615718 
0.0614667 
0.0613603 
0.0612528 
0.0611441 
0.0610345 
0.060924 
0.0608127 
0.0607008 
0.0605882 
0.0604752 
0.0603618 
0.060248 
0.0601341 
0.0600201 
0.0599061 
0.0597922 
0.0596785 
0.0595652 
0.0594522 
0.0593397 
0.0592278 
0.0591166 
0.0590062 
0.0588966 
0.0587881 
0.0586806 
0.0585742 
0.0584691 
0.0583653 
0.0582629 
0.0581621 
0.0580628 
0.0579652 
0.0578693 
0.0577753 
0.0576831 
0.057593 
0.0575049 
0.0574189 
0.0573351 
0.0572536 
0.0571744 
0.0570976 
0.0570233 
0.0569515 
0.0568822 
0.0568156 
0.0567516 
0.0566903 
0.0566318 
0.0565762 
0.0565234 
0.0564734 
0.0564264 
0.0563824 
0.0563413 
0.0563033 
0.0562683 
0.0562364 
0.0562076 
0.0561819 
0.0561593 
0.0561398 
0.0561235 
0.0561103 
0.0561003 
0.0560934 
0.0560897 
0.0560891 
0.0560916 
0.0560973 
0.0561061 
0.0561179 
0.0561329 
0.0561509 
0.0561719 
0.0561959 
0.0562229 
0.0562528 
0.0562856 
0.0563213 
0.0563598 
0.0564011 
0.0564452 
0.0564919 
0.0565413 
0.0565932 
0.0566477 
0.0567047 
0.056764 
0.0568258 
0.0568898 
0.0569561 
0.0570245 
0.0570951 
0.0571676 
0.0572422 
0.0573186 
0.0573968 
0.0574767 
0.0575583 
0.0576415 
0.0577262 
0.0578123 
0.0578997 
0.0579884 
0.0580783 
0.0581692 
0.0582611 
0.0583539 
0.0584476 
0.058542 
0.058637 
0.0587326 
0.0588286 
0.058925 
0.0590218 
0.0591187 
0.0592157 
0.0593128 
0.0594097 
0.0595066 
0.0596032 
0.0596994 
0.0597952 
0.0598906 
0.0599853 
0.0600794 
0.0601727 
0.0602651 
0.0603567 
0.0604472 
0.0605367 
0.0606249 
0.060712 
0.0607977 
0.060882 
0.0609649 
0.0610462 
0.0611259 
0.061204 
0.0612803 
0.0613548 
0.0614274 
0.0614981 
0.0615669 
0.0616335 
0.0616981 
0.0617606 
0.0618208 
0.0618788 
0.0619345 
0.0619879 
0.0620389 
0.0620875 
0.0621336 
0.0621773 
0.0622184 
0.0622571 
0.0622931 
0.0623266 
0.0623574 
0.0623856 
0.0624112 
0.0624342 
0.0624544 
0.062472 
0.062487 
0.0624992 
0.0625088 
0.0625157 
0.0625199 
0.0625215 
0.0625204 
0.0625167 
0.0625104 
0.0625014 
0.0624899 
0.0624759 
0.0624593 
0.0624402 
0.0624187 
0.0623947 
0.0623683 
0.0623396 
0.0623085 
0.0622752 
0.0622397 
0.0622019 
0.062162 
0.0621201 
0.0620761 
0.0620301 
0.0619822 
0.0619325 
0.0618809 
0.0618276 
0.0617726 
0.061716 
0.0616579 
0.0615983 
0.0615373 
0.061475 
0.0614113 
0.0613465 
0.0612806 
0.0612136 
0.0611457 
0.0610768 
0.0610072 
0.0609367 
0.0608657 
0.060794 
0.0607219 
0.0606493 
0.0605764 
0.0605032 
0.0604298 
0.0603563 
0.0602828 
0.0602093 
0.060136 
0.0600628 
0.05999 
0.0599175 
0.0598455 
0.0597739 
0.059703 
0.0596327 
0.0595632 
0.0594945 
0.0594267 
0.0593598 
0.059294 
0.0592292 
0.0591657 
0.0591033 
0.0590423 
0.0589826 
0.0589243 
0.0588675 
0.0588122 
0.0587585 
0.0587065 
0.0586561 
0.0586075 
0.0585607 
0.0585158 
0.0584727 
0.0584316 
0.0583924 
0.0583552 
0.0583201 
0.0582871 
0.0582562 
0.0582274 
0.0582007 
0.0581763 
0.0581541 
0.0581341 
0.0581163 
0.0581009 
0.0580876 
0.0580767 
0.0580681 
0.0580618 
0.0580577 
0.058056 
0.0580566 
0.0580595 
0.0580646 
0.0580721 
0.0580818 
0.0580937 
0.0581079 
0.0581243 
0.058143 
0.0581637 
0.0581867 
0.0582117 
0.0582389 
0.0582681 
0.0582993 
0.0583325 
0.0583677 
0.0584047 
0.0584437 
0.0584844 
0.058527 
0.0585712 
0.0586172 
0.0586648 
0.0587139 
0.0587646 
0.0588167 
0.0588703 
0.0589252 
0.0589814 
0.0590388 
0.0590974 
0.059157 
0.0592178 
0.0592795 
0.0593421 
0.0594056 
0.0594698 
0.0595348 
0.0596003 
0.0596665 
0.0597331 
0.0598002 
0.0598677 
0.0599354 
0.0600034 
0.0600715 
0.0601396 
0.0602078 
0.060276 
0.0603439 
0.0604117 
0.0604793 
0.0605464 
0.0606132 
0.0606795 
0.0607453 
0.0608104 
0.0608749 
0.0609386 
0.0610016 
0.0610637 
0.0611248 
0.061185 
0.0612442 
0.0613022 
0.0613591 
0.0614148 
0.0614692 
0.0615223 
0.0615741 
0.0616244 
0.0616733 
0.0617207 
0.0617665 
0.0618108 
0.0618534 
0.0618944 
0.0619337 
0.0619712 
0.062007 
0.062041 
0.0620732 
0.0621036 
0.0621321 
0.0621587 
0.0621834 
0.0622062 
0.062227 
0.0622459 
0.0622629 
0.0622779 
0.0622909 
0.062302 
0.0623111 
0.0623182 
0.0623233 
0.0623265 
0.0623278 
0.0623271 
0.0623244 
0.0623199 
0.0623134 
0.0623051 
0.0622949 
0.0622829 
0.0622691 
0.0622535 
0.0622361 
0.062217 
0.0621962 
0.0621738 
0.0621497 
0.062124 
0.0620968 
0.0620681 
0.0620379 
0.0620063 
0.0619734 
0.0619391 
0.0619035 
0.0618667 
0.0618288 
0.0617897 
0.0617495 
0.0617084 
0.0616662 
0.0616232 
0.0615793 
0.0615346 
0.0614892 
0.0614432 
0.0613965 
0.0613492 
0.0613015 
0.0612534 
0.0612049 
0.061156 
0.061107 
0.0610578 
0.0610084 
0.060959 
0.0609096 
0.0608603 
0.0608111 
0.0607621 
0.0607134 
0.0606649 
0.0606169 
0.0605692 
0.0605221 
0.0604755 
0.0604296 
0.0603843 
0.0603397 
0.0602959 
0.0602529 
0.0602108 
0.0601696 
0.0601294 
0.0600903 
0.0600522 
0.0600152 
0.0599794 
0.0599448 
0.0599115 
0.0598795 
0.0598488 
0.0598194 
0.0597915 
0.059765 
0.05974 
0.0597164 
0.0596944 
0.0596739 
0.059655 
0.0596378 
0.0596221 
0.0596081 
0.0595957 
0.059585 
0.0595759 
0.0595686 
0.0595629 
0.059559 
0.0595568 
0.0595562 
0.0595574 
0.0595604 
0.059565 
0.0595713 
0.0595793 
0.059589 
0.0596004 
0.0596135 
0.0596282 
0.0596445 
0.0596624 
0.059682 
0.0597031 
0.0597257 
0.0597499 
0.0597755 
0.0598027 
0.0598312 
0.0598612 
0.0598925 
0.0599251 
0.0599591 
0.0599943 
0.0600307 
0.0600683 
0.060107 
0.0601468 
0.0601877 
0.0602295 
0.0602723 
0.060316 
0.0603606 
0.060406 
0.0604521 
0.060499 
0.0605464 
0.0605945 
0.0606432 
0.0606923 
0.0607419 
0.0607919 
0.0608422 
0.0608927 
0.0609436 
0.0609945 
0.0610456 
0.0610968 
0.061148 
0.0611991 
0.0612501 
0.0613009 
0.0613516 
0.061402 
0.0614521 
0.0615018 
0.061551 
0.0615999 
0.0616482 
0.0616959 
0.061743 
0.0617895 
0.0618352 
0.0618802 
0.0619244 
0.0619677 
0.0620102 
0.0620517 
0.0620923 
0.0621319 
0.0621704 
0.0622079 
0.0622442 
0.0622794 
0.0623134 
0.0623462 
0.0623778 
0.0624081 
0.0624372 
0.0624649 
0.0624913 
0.0625163 
0.06254 
0.0625623 
0.0625832 
0.0626027 
0.0626208 
0.0626374 
0.0626526 
0.0626664 
0.0626787 
0.0626895 
0.0626989 
0.0627068 
0.0627133 
0.0627184 
0.062722 
0.0627242 
0.0627249 
0.0627243 
0.0627222 
0.0627188 
0.062714 
0.0627079 
0.0627004 
0.0626917 
0.0626816 
0.0626703 
0.0626578 
0.0626441 
0.0626292 
0.0626132 
0.062596 
0.0625778 
0.0625585 
0.0625382 
0.062517 
0.0624948 
0.0624717 
0.0624477 
0.062423 
0.0623974 
0.0623711 
0.0623442 
0.0623166 
0.0622883 
0.0622596 
0.0622303 
0.0622005 
0.0621704 
0.0621398 
0.062109 
0.0620778 
0.0620464 
0.0620149 
0.0619832 
0.0619514 
0.0619196 
0.0618878 
0.061856 
0.0618244 
0.0617929 
0.0617616 
0.0617305 
0.0616998 
0.0616693 
0.0616393 
0.0616097 
0.0615805 
0.0615519 
0.0615238 
0.0614964 
0.0614695 
0.0614434 
0.0614179 
0.0613933 
0.0613694 
0.0613463 
0.0613241 
0.0613028 
0.0612825 
0.0612631 
0.0612447 
0.0612273 
0.0612109 
0.0611957 
0.0611815 
0.0611684 
0.0611565 
0.0611458 
0.0611362 
0.0611278 
0.0611207 
0.0611148 
0.0611101 
0.0611067 
0.0611045 
0.0611037 
0.061104 
0.0611057 
0.0611087 
0.0611129 
0.0611185 
0.0611253 
0.0611334 
0.0611428 
0.0611535 
0.0611654 
0.0611786 
0.0611931 
0.0612087 
0.0612256 
0.0612437 
0.061263 
0.0612835 
0.0613051 
0.0613279 
0.0613518 
0.0613767 
0.0614028 
0.0614298 
0.0614579 
0.061487 
0.061517 
0.061548 
0.0615798 
0.0616125 
0.0616461 
0.0616804 
0.0617155 
0.0617514 
0.0617879 
0.0618251 
0.0618629 
0.0619013 
0.0619402 
0.0619797 
0.0620196 
0.0620599 
0.0621007 
0.0621417 
0.0621831 
0.0622248 
0.0622666 
0.0623087 
0.0623509 
0.0623932 
0.0624355 
0.0624779 
0.0625203 
0.0625626 
0.0626048 
0.0626468 
0.0626887 
0.0627304 
0.0627718 
0.0628129 
0.0628537 
0.0628941 
0.0629341 
0.0629737 
0.0630128 
0.0630515 
0.0630895 
0.063127 
0.063164 
0.0632002 
0.0632359 
0.0632708 
0.063305 
0.0633385 
0.0633713 
0.0634032 
0.0634343 
0.0634646 
0.0634941 
0.0635227 
0.0635504 
0.0635772 
0.0636031 
0.0636281 
0.0636521 
0.0636752 
0.0636974 
0.0637185 
0.0637387 
0.0637579 
0.0637762 
0.0637934 
0.0638097 
0.063825 
0.0638393 
0.0638526 
0.063865 
0.0638763 
0.0638868 
0.0638962 
0.0639048 
0.0639124 
0.0639191 
0.0639249 
0.0639298 
0.0639338 
0.063937 
0.0639393 
0.0639408 
0.0639416 
0.0639415 
0.0639407 
0.0639392 
0.063937 
0.0639341 
0.0639306 
0.0639264 
0.0639217 
0.0639164 
0.0639106 
0.0639043 
0.0638975 
0.0638903 
0.0638826 
0.0638747 
0.0638663 
0.0638577 
0.0638488 
0.0638397 
0.0638304 
0.063821 
0.0638114 
0.0638018 
0.0637921 
0.0637823 
0.0637727 
0.0637631 
0.0637535 
0.0637442 
0.063735 
0.063726 
0.0637173 
0.0637088 
0.0637007 
0.0636929 
0.0636855 
0.0636786 
0.0636721 
0.0636661 
0.0636606 
0.0636557 
0.0636514 
0.0636476 
0.0636446 
0.0636422 
0.0636406 
0.0636396 
0.0636395 
0.0636401 
0.0636416 
0.0636439 
0.0636471 
0.0636511 
0.0636561 
0.063662 
0.0636688 
0.0636766 
0.0636854 
0.0636953 
0.0637061 
0.0637179 
0.0637308 
0.0637448 
0.0637598 
0.0637759 
0.0637931 
0.0638114 
0.0638308 
0.0638513 
0.0638729 
0.0638956 
0.0639194 
0.0639443 
0.0639703 
0.0639975 
0.0640257 
0.064055 
0.0640854 
0.0641169 
0.0641495 
0.0641832 
0.0642179 
0.0642536 
0.0642904 
0.0643282 
0.064367 
0.0644068 
0.0644475 
0.0644893 
0.0645319 
0.0645755 
0.0646199 
0.0646653 
0.0647115 
0.0647585 
0.0648064 
0.064855 
0.0649044 
0.0649545 
0.0650053 
0.0650568 
0.065109 
0.0651618 
0.0652153 
0.0652692 
0.0653238 
0.0653788 
0.0654344 
0.0654904 
0.0655468 
0.0656037 
0.0656609 
0.0657185 
0.0657764 
0.0658345 
0.065893 
0.0659516 
0.0660104 
0.0660695 
0.0661286 
0.0661879 
0.0662472 
0.0663066 
0.066366 
0.0664254 
0.0664848 
0.0665442 
0.0666034 
0.0666625 
0.0667215 
0.0667804 
0.0668391 
0.0668975 
0.0669558 
0.0670137 
0.0670714 
0.0671289 
0.067186 
0.0672427 
0.0672992 
0.0673552 
0.0674109 
0.0674662 
0.067521 
0.0675754 
0.0676294 
0.0676829 
0.067736 
0.0677885 
0.0678406 
0.0678922 
0.0679433 
0.0679939 
0.0680439 
0.0680934 
0.0681424 
0.0681909 
0.0682388 
0.0682862 
0.0683331 
0.0683794 
0.0684252 
0.0684704 
0.0685151 
0.0685593 
0.068603 
0.0686461 
0.0686888 
0.0687309 
0.0687725 
0.0688137 
0.0688543 
0.0688945 
0.0689343 
0.0689736 
0.0690124 
0.0690508 
0.0690889 
0.0691265 
0.0691637 
0.0692006 
0.0692371 
0.0692733 
0.0693092 
0.0693447 
0.06938 
0.069415 
0.0694497 
0.0694842 
0.0695185 
0.0695526 
0.0695865 
0.0696203 
0.0696539 
0.0696874 
0.0697207 
0.069754 
0.0697872 
0.0698204 
0.0698535 
0.0698866 
0.0699198 
0.0699529 
0.0699861 
0.0700193 
0.0700526 
0.070086 
0.0701196 
0.0701532 
0.070187 
0.0702209 
0.0702551 
0.0702894 
0.0703239 
0.0703586 
0.0703935 
0.0704287 
0.0704642 
0.0704999 
0.0705359 
0.0705721 
0.0706087 
0.0706456 
0.0706828 
0.0707203 
0.0707582 
0.0707963 
0.0708349 
0.0708737 
0.070913 
0.0709526 
0.0709925 
0.0710328 
0.0710735 
0.0711145 
0.0711559 
0.0711977 
0.0712398 
0.0712823 
0.0713252 
0.0713684 
0.0714119 
0.0714559 
0.0715001 
0.0715447 
0.0715897 
0.0716349 
0.0716805 
0.0717264 
0.0717727 
0.0718192 
0.071866 
0.0719131 
0.0719604 
0.072008 
0.0720559 
0.072104 
0.0721523 
0.0722009 
0.0722496 
0.0722986 
0.0723477 
0.0723971 
0.0724465 
0.0724962 
0.0725459 
0.0725958 
0.0726458 
0.072696 
0.0727462 
0.0727965 
0.0728468 
0.0728973 
0.0729477 
0.0729983 
0.0730488 
0.0730994 
0.07315 
0.0732006 
0.0732512 
0.0733018 
0.0733524 
0.073403 
0.0734535 
0.073504 
0.0735545 
0.073605 
0.0736554 
0.0737059 
0.0737562 
0.0738066 
0.0738569 
0.0739072 
0.0739574 
0.0740077 
0.0740579 
0.0741081 
0.0741583 
0.0742086 
0.0742589 
0.0743092 
0.0743595 
0.0744099 
0.0744604 
0.074511 
0.0745617 
0.0746125 
0.0746634 
0.0747145 
0.0747658 
0.0748173 
0.074869 
0.074921 
0.0749733 
0.0750259 
0.0750787 
0.075132 
0.0751856 
0.0752397 
0.0752942 
0.0753492 
0.0754046 
0.0754606 
0.0755172 
0.0755744 
0.0756322 
0.0756907 
0.0757499 
0.0758098 
0.0758705 
0.075932 
0.0759943 
0.0760575 
0.0761215 
0.0761865 
0.0762525 
0.0763194 
0.0763874 
0.0764564 
0.0765265 
0.0765977 
0.07667 
0.0767435 
0.0768181 
0.076894 
0.076971 
0.0770493 
0.0771287 
0.0772095 
0.0772915 
0.0773748 
0.0774593 
0.0775451 
0.0776321 
0.0777204 
0.07781 
0.0779008 
0.0779927 
0.0780859 
0.0781802 
0.0782757 
0.0783722 
0.0784698 
0.0785684 
0.0786679 
0.0787683 
0.0788695 
0.0789715 
0.0790741 
0.0791774 
0.0792811 
0.0793853 
0.0794897 
0.0795943 
0.079699 
0.0798037 
0.0799081 
0.0800122 
0.0801158 
0.0802188 
0.080321 
0.0804221 
0.0805221 
0.0806207 
0.0807178 
0.080813 
0.0809063 
0.0809973 
0.0810858 
0.0811716 
0.0812543 
0.0813338 
0.0814097 
0.0814818 
0.0815497 
0.0816132 
0.0816719 
0.0817254 
0.0817734 
0.0818156 
0.0818516 
0.0818811 
0.0819035 
0.0819186 
0.0819259 
0.081925 
0.0819155 
0.0818969 
0.0818688 
0.0818308 
0.0817823 
0.0817228 
0.081652 
0.0815692 
0.0814741 
0.081366 
0.0812445 
0.081109 
0.080959 
0.080794 
0.0806134 
0.0804166 
0.0802031 
0.0799724 
0.0797238 
0.0794569 
0.079171 
0.0788655 
0.0785399 
0.0781936 
0.0778261 
0.0774367 
0.0770249 
0.0765902 
0.0761319 
0.0756495 
0.0751425 
0.0746102 
0.0740523 
0.0734682 
0.0728572 
0.0722191 
0.0715532 
0.0708591 
0.0701364 
0.0693846 
0.0686033 
0.0677921 
0.0669507 
0.0660787 
0.0651758 
0.0642417 
0.0632762 
0.0622791 
0.0612501 
0.0601891 
0.0590961 
0.0579709 
0.0568136 
0.0556242 
0.0544027 
0.0531492 
0.0518641 
0.0505474 
0.0491995 
0.0478207 
0.0464116 
0.0449725 
0.043504 
0.0420067 
0.0404814 
0.0389289 
0.03735 
0.0357456 
0.0341168 
0.0324647 
0.0307906 
0.0290957 
0.0273814 
0.0256494 
0.0239011 
0.0221384 
0.020363 
0.018577 
0.0167823 
0.0149813 
0.0131761 
0.0113693 
0.00956344 
0.00776118 
0.00596539 
0.00417905 
0.00240528 
0.000647348 
-0.00109133 
-0.00280719 
-0.00449652 
-0.00615543 
-0.00777992 
-0.00936577 
-0.0109086 
-0.012404 
-0.0138472 
-0.0152334 
-0.0165575 
-0.0178143 
-0.0189985 
-0.0201046 
-0.0211267 
-0.0220591 
-0.0228956 
-0.02363 
-0.0242559 
-0.0247666 
-0.0251554 
-0.0254153 
-0.0255391 
-0.0255196 
-0.0253493 
-0.0250204 
-0.0245252 
-0.0238557 
-0.0230037 
-0.0219609 
-0.0207187 
-0.0192686 
-0.0176018 
-0.0157094 
-0.0135822 
-0.0112111 
-0.00858668 
-0.0056996 
-0.00254024 
0.000901058 
0.00463406 
0.00866862 
0.0130147 
0.0176822 
0.0226813 
0.0280221 
0.0337147 
0.0397692 
0.046196 
0.0530051 
0.0602067 
0.0678109 
0.0758279 
0.0842677 
0.0931403 
0.102455 
0.112223 
0.122453 
0.133154 
0.144336 
0.156008 
0.168179 
0.180858 
0.194053 
0.207773 
0.222026 
0.236818 
0.252158 
0.268053 
0.28451 
0.301534 
0.319131 
0.337308 
0.356069 
0.375419 
0.395361 
0.4159 
0.437039 
0.458779 
0.481124 
0.504074 
0.527631 
0.551794 
0.576563 
0.601937 
0.627914 
0.654492 
0.681668 
0.709437 
0.737795 
0.766737 
0.796257 
0.826348 
0.857002 
0.888211 
0.919966 
0.952256 
0.985072 
1.0184 
1.05223 
1.08655 
1.12134 
1.15659 
1.19229 
1.22841 
1.26494 
1.30187 
1.33917 
1.37682 
1.41481 
1.45312 
1.49171 
1.53057 
1.56969 
1.60902 
1.64856 
1.68826 
1.72812 
1.76811 
1.80818 
1.84833 
1.88852 
1.92873 
1.96892 
2.00908 
2.04916 
2.08914 
2.12899 
2.16868 
2.20819 
2.24747 
2.28651 
2.32527 
2.36372 
2.40182 
2.43956 
2.47691 
2.51382 
2.55027 
2.58624 
2.62168 
2.65659 
2.69092 
2.72464 
2.75774 
2.79018 
2.82193 
2.85298 
2.88329 
2.91285 
2.94162 
2.96958 
2.99672 
3.02301 
3.04842 
3.07294 
3.09656 
3.11924 
3.14098 
3.16176 
3.18156 
3.20037 
3.21818 
3.23498 
3.25074 
3.26547 
3.27916 
3.29179 
3.30337 
3.31389 
3.32333 
3.33171 
3.33902 
3.34526 
3.35043 
3.35453 
3.35757 
3.35955 
3.36047 
3.36035 
3.35919 
3.35701 
3.35381 
3.3496 
3.3444 
3.33822 
3.33108 
3.32299 
3.31397 
3.30405 
3.29323 
3.28154 
3.26899 
3.25563 
3.24145 
3.2265 
3.21079 
3.19435 
3.17721 
3.15939 
3.14092 
3.12183 
3.10215 
3.0819 
3.06113 
3.03985 
3.0181 
2.99592 
2.97332 
2.95035 
2.92704 
2.90342 
2.87952 
2.85537 
2.83102 
2.80648 
2.7818 
2.757 
2.73212 
2.7072 
2.68225 
2.65733 
2.63245 
2.60766 
2.58298 
2.55843 
2.53407 
2.5099 
2.48597 
2.46231 
2.43893 
2.41587 
2.39316 
2.37082 
2.34888 
2.32737 
2.30631 
2.28572 
2.26562 
2.24604 
2.22701 
2.20853 
2.19063 
2.17334 
2.15666 
2.14061 
2.12521 
2.11048 
2.09642 
2.08306 
2.0704 
2.05846 
2.04724 
2.03676 
2.02702 
2.01803 
2.00979 
2.00231 
1.9956 
1.98966 
1.98448 
1.98008 
1.97645 
1.97358 
1.97149 
1.97016 
1.96959 
1.96977 
1.97071 
1.97239 
1.97481 
1.97796 
1.98182 
1.98639 
1.99166 
1.99762 
2.00425 
2.01153 
2.01947 
2.02803 
2.03722 
2.047 
2.05736 
2.06829 
2.07976 
2.09177 
2.10428 
2.11728 
2.13075 
2.14468 
2.15903 
2.17378 
2.18892 
2.20442 
2.22027 
2.23642 
2.25288 
2.2696 
2.28657 
2.30377 
2.32117 
2.33874 
2.35646 
2.37431 
2.39227 
2.41031 
2.4284 
2.44653 
2.46466 
2.48278 
2.50086 
2.51888 
2.53682 
2.55465 
2.57235 
2.58989 
2.60727 
2.62445 
2.64141 
2.65813 
2.6746 
2.69079 
2.70668 
2.72226 
2.7375 
2.75239 
2.76692 
2.78105 
2.79479 
2.80811 
2.821 
2.83344 
2.84542 
2.85693 
2.86796 
2.87848 
2.88851 
2.89802 
2.907 
2.91545 
2.92335 
2.93071 
2.93751 
2.94376 
2.94944 
2.95455 
2.95909 
2.96305 
2.96644 
2.96926 
2.97149 
2.97316 
2.97425 
2.97477 
2.97472 
2.97411 
2.97294 
2.97122 
2.96894 
2.96613 
2.96278 
2.95891 
2.95452 
2.94963 
2.94424 
2.93836 
2.93201 
2.92519 
2.91792 
2.91022 
2.90209 
2.89356 
2.88462 
2.87531 
2.86563 
2.85561 
2.84525 
2.83457 
2.82359 
2.81234 
2.80081 
2.78904 
2.77704 
2.76483 
2.75243 
2.73985 
2.72712 
2.71425 
2.70126 
2.68817 
2.675 
2.66177 
2.6485 
2.63521 
2.6219 
2.60862 
2.59536 
2.58215 
2.56902 
2.55596 
2.54301 
2.53019 
2.5175 
2.50496 
2.4926 
2.48042 
2.46845 
2.45669 
2.44517 
2.4339 
2.42288 
2.41215 
2.4017 
2.39156 
2.38173 
2.37222 
2.36305 
2.35423 
2.34576 
2.33766 
2.32994 
2.3226 
2.31566 
2.30911 
2.30296 
2.29723 
2.29191 
2.28702 
2.28255 
2.27851 
2.2749 
2.27172 
2.26898 
2.26667 
2.2648 
2.26337 
2.26237 
2.26181 
2.26168 
2.26197 
2.26269 
2.26384 
2.2654 
2.26737 
2.26975 
2.27253 
2.2757 
2.27926 
2.2832 
2.28752 
2.29219 
2.29722 
2.30259 
2.3083 
2.31433 
2.32068 
2.32733 
2.33427 
2.34148 
2.34897 
2.35671 
2.36469 
2.37291 
2.38134 
2.38997 
2.39879 
2.40779 
2.41695 
2.42625 
2.43569 
2.44525 
2.45492 
2.46467 
2.4745 
2.48439 
2.49433 
2.5043 
2.51429 
2.52429 
2.53427 
2.54423 
2.55415 
2.56402 
2.57382 
2.58354 
2.59317 
2.60269 
2.6121 
2.62137 
2.63049 
2.63946 
2.64826 
2.65688 
2.66531 
2.67354 
2.68155 
2.68934 
2.6969 
2.70422 
2.71128 
2.71809 
2.72463 
2.73089 
2.73687 
2.74255 
2.74795 
2.75303 
2.75782 
2.76229 
2.76644 
2.77027 
2.77377 
2.77695 
2.77979 
2.78231 
2.78449 
2.78633 
2.78784 
2.78901 
2.78984 
2.79034 
2.79051 
2.79034 
2.78984 
2.78902 
2.78787 
2.78641 
2.78462 
2.78253 
2.78012 
2.77742 
2.77442 
2.77113 
2.76756 
2.76371 
2.75959 
2.75521 
2.75058 
2.7457 
2.74059 
2.73525 
2.72969 
2.72392 
2.71795 
2.7118 
2.70546 
2.69896 
2.6923 
2.68549 
2.67854 
2.67147 
2.66428 
2.657 
2.64962 
2.64216 
2.63463 
2.62704 
2.61941 
2.61175 
2.60406 
2.59636 
2.58866 
2.58097 
2.57331 
2.56568 
2.5581 
2.55057 
2.54311 
2.53572 
2.52843 
2.52123 
2.51414 
2.50718 
2.50033 
2.49363 
2.48707 
2.48067 
2.47444 
2.46837 
2.46249 
2.45679 
2.45129 
2.446 
2.44091 
2.43603 
2.43138 
2.42696 
2.42277 
2.41881 
2.4151 
2.41164 
2.40842 
2.40546 
2.40275 
2.4003 
2.39811 
2.39618 
2.39452 
2.39312 
2.39199 
2.39112 
2.39052 
2.39018 
2.39011 
2.3903 
2.39074 
2.39145 
2.39241 
2.39362 
2.39508 
2.39679 
2.39874 
2.40092 
2.40334 
2.40599 
2.40885 
2.41194 
2.41523 
2.41873 
2.42242 
2.42631 
2.43038 
2.43463 
2.43905 
2.44363 
2.44836 
2.45324 
2.45826 
2.4634 
2.46867 
2.47405 
2.47953 
2.48511 
2.49077 
2.49651 
2.50232 
2.50818 
2.5141 
2.52005 
2.52603 
2.53204 
2.53805 
2.54407 
2.55008 
2.55608 
2.56205 
2.56799 
2.57389 
2.57973 
2.58552 
2.59123 
2.59687 
2.60243 
2.60789 
2.61325 
2.61851 
2.62365 
2.62866 
2.63355 
2.6383 
2.6429 
2.64736 
2.65166 
2.6558 
2.65978 
2.66358 
2.66721 
2.67065 
2.67391 
2.67698 
2.67986 
2.68254 
2.68502 
2.6873 
2.68937 
2.69124 
2.6929 
2.69435 
2.69559 
2.69661 
2.69743 
2.69803 
2.69842 
2.69859 
2.69856 
2.69832 
2.69787 
2.69721 
2.69634 
2.69528 
2.69402 
2.69256 
2.6909 
2.68906 
2.68703 
2.68482 
2.68244 
2.67988 
2.67715 
2.67426 
2.67121 
2.66801 
2.66467 
2.66118 
2.65756 
2.65381 
2.64994 
2.64596 
2.64187 
2.63768 
2.63339 
2.62901 
2.62456 
2.62003 
2.61544 
2.6108 
2.6061 
2.60135 
2.59658 
2.59177 
2.58695 
2.58212 
2.57728 
2.57244 
2.56761 
2.5628 
2.55802 
2.55327 
2.54856 
2.54389 
2.53928 
2.53473 
2.53025 
2.52584 
2.52152 
2.51728 
2.51313 
2.50908 
2.50514 
2.50131 
2.4976 
2.494 
2.49054 
2.4872 
2.484 
2.48094 
2.47802 
2.47526 
2.47264 
2.47018 
2.46787 
2.46573 
2.46375 
2.46193 
2.46029 
2.45881 
2.4575 
2.45636 
2.4554 
2.45461 
2.45399 
2.45355 
2.45328 
2.45319 
2.45326 
2.45351 
2.45393 
2.45451 
2.45527 
2.45619 
2.45727 
2.45851 
2.4599 
2.46146 
2.46316 
2.46501 
2.467 
2.46913 
2.4714 
2.4738 
2.47633 
2.47898 
2.48175 
2.48463 
2.48762 
2.4907 
2.49389 
2.49717 
2.50053 
2.50397 
2.50749 
2.51107 
2.51472 
2.51842 
2.52217 
2.52597 
2.5298 
2.53367 
2.53755 
2.54146 
2.54538 
2.5493 
2.55322 
2.55714 
2.56104 
2.56493 
2.56878 
2.57261 
2.5764 
2.58015 
2.58384 
2.58749 
2.59107 
2.59459 
2.59803 
2.6014 
2.60469 
2.60789 
2.61101 
2.61402 
2.61694 
2.61976 
2.62246 
2.62506 
2.62753 
2.62989 
2.63213 
2.63425 
2.63623 
2.63809 
2.63981 
2.6414 
2.64285 
2.64416 
2.64534 
2.64637 
2.64726 
2.64801 
2.64861 
2.64907 
2.64939 
2.64956 
2.64959 
2.64947 
2.64922 
2.64882 
2.64829 
2.64761 
2.6468 
2.64586 
2.64478 
2.64358 
2.64224 
2.64079 
2.63921 
2.63751 
2.63569 
2.63377 
2.63173 
2.62959 
2.62736 
2.62502 
2.62259 
2.62007 
2.61747 
2.61479 
2.61204 
2.60922 
2.60633 
2.60338 
2.60038 
2.59733 
2.59423 
2.59109 
2.58792 
2.58472 
2.5815 
2.57826 
2.575 
2.57174 
2.56848 
2.56522 
2.56196 
2.55872 
2.5555 
2.55231 
2.54914 
2.546 
2.54291 
2.53985 
2.53685 
2.5339 
2.531 
2.52817 
2.5254 
2.52271 
2.52009 
2.51754 
2.51508 
2.51271 
2.51042 
2.50823 
2.50613 
2.50413 
2.50223 
2.50044 
2.49875 
2.49717 
2.4957 
2.49435 
2.49311 
2.49198 
2.49097 
2.49008 
2.48931 
2.48866 
2.48813 
2.48772 
2.48743 
2.48726 
2.48721 
2.48728 
2.48747 
2.48778 
2.4882 
2.48874 
2.4894 
2.49017 
2.49105 
2.49204 
2.49313 
2.49433 
2.49564 
2.49704 
2.49854 
2.50013 
2.50182 
2.50359 
2.50545 
2.50739 
2.5094 
2.51149 
2.51365 
2.51588 
2.51816 
2.52051 
2.52291 
2.52536 
2.52785 
2.53039 
2.53296 
2.53557 
2.5382 
2.54086 
2.54353 
2.54622 
2.54892 
2.55163 
2.55433 
2.55703 
2.55973 
2.56241 
2.56507 
2.56772 
2.57034 
2.57293 
2.57548 
2.578 
2.58047 
2.5829 
2.58528 
2.58761 
2.58988 
2.59208 
2.59423 
2.59631 
2.59831 
2.60025 
2.6021 
2.60388 
2.60558 
2.60719 
2.60872 
2.61015 
2.6115 
2.61275 
2.61391 
2.61498 
2.61595 
2.61682 
2.61759 
2.61826 
2.61882 
2.61929 
2.61966 
2.61992 
2.62008 
2.62014 
2.6201 
2.61996 
2.61972 
2.61938 
2.61894 
2.6184 
2.61777 
2.61704 
2.61622 
2.61531 
2.61431 
2.61322 
2.61204 
2.61079 
2.60945 
2.60804 
2.60655 
2.60499 
2.60335 
2.60166 
2.59989 
2.59807 
2.5962 
2.59426 
2.59228 
2.59025 
2.58818 
2.58607 
2.58393 
2.58175 
2.57954 
2.57731 
2.57506 
2.57279 
2.57051 
2.56822 
2.56593 
2.56363 
2.56134 
2.55905 
2.55677 
2.55451 
2.55226 
2.55004 
2.54784 
2.54567 
2.54353 
2.54143 
2.53936 
2.53734 
2.53536 
2.53343 
2.53156 
2.52973 
2.52797 
2.52626 
2.52462 
2.52304 
2.52153 
2.52009 
2.51872 
2.51743 
2.51621 
2.51506 
2.514 
2.51302 
2.51211 
2.5113 
2.51056 
2.50991 
2.50934 
2.50886 
2.50847 
2.50817 
2.50795 
2.50781 
2.50777 
2.50781 
2.50793 
2.50815 
2.50844 
2.50882 
2.50928 
2.50983 
2.51045 
2.51115 
2.51194 
2.51279 
2.51372 
2.51472 
2.51579 
2.51693 
2.51814 
2.5194 
2.52073 
2.52212 
2.52356 
2.52506 
2.5266 
2.52819 
2.52983 
2.53151 
2.53322 
2.53497 
2.53675 
2.53856 
2.5404 
2.54226 
2.54414 
2.54603 
2.54794 
2.54985 
2.55177 
2.55369 
2.55561 
2.55753 
2.55944 
2.56134 
2.56322 
2.56508 
2.56693 
2.56875 
2.57055 
2.57231 
2.57404 
2.57574 
2.5774 
2.57901 
2.58058 
2.58211 
2.58359 
2.58501 
2.58638 
2.5877 
2.58896 
2.59015 
2.59129 
2.59236 
2.59337 
2.59431 
2.59518 
2.59598 
2.59671 
2.59737 
2.59795 
2.59846 
2.5989 
2.59926 
2.59955 
2.59976 
2.59989 
2.59995 
2.59994 
2.59984 
2.59968 
2.59943 
2.59912 
2.59872 
2.59826 
2.59773 
2.59712 
2.59645 
2.5957 
2.59489 
2.59402 
2.59308 
2.59208 
2.59102 
2.5899 
2.58872 
2.5875 
2.58622 
2.58489 
2.58351 
2.58209 
2.58063 
2.57913 
2.57759 
2.57602 
2.57442 
2.57279 
2.57113 
2.56945 
2.56775 
2.56604 
2.56431 
2.56258 
2.56083 
2.55908 
2.55733 
2.55558 
2.55384 
2.55211 
2.55039 
2.54868 
2.54699 
2.54532 
2.54367 
2.54205 
2.54046 
2.5389 
2.53738 
2.53589 
2.53445 
2.53305 
2.5317 
2.53039 
2.52914 
2.52794 
2.5268 
2.52572 
2.52469 
2.52374 
2.52284 
2.52202 
2.52126 
2.52058 
2.51997 
2.51943 
2.51897 
2.51859 
2.51829 
2.51807 
2.51793 
2.51788 
2.51791 
2.51802 
2.51823 
2.51852 
2.5189 
2.51937 
2.51992 
2.52057 
2.52131 
2.52214 
2.52306 
2.52408 
2.52518 
2.52638 
2.52767 
2.52905 
2.53052 
2.53208 
2.53373 
2.53548 
2.53731 
2.53924 
2.54125 
2.54336 
2.54555 
2.54783 
2.5502 
2.55266 
2.5552 
2.55782 
2.56053 
2.56333 
2.56621 
2.56917 
2.57221 
2.57534 
2.57854 
2.58183 
2.58519 
2.58863 
2.59215 
2.59575 
2.59942 
2.60317 
2.60699 
2.61089 
2.61486 
2.6189 
2.62302 
2.62722 
2.63148 
2.63582 
2.64023 
2.64471 
2.64926 
2.65389 
2.65859 
2.66336 
2.6682 
2.67312 
2.6781 
2.68317 
