0 
0 
0 
0 
0 
0 
0 
3.2221e-09 
3.2221e-09 
6.4442e-09 
1.28884e-08 
1.61105e-08 
1.28884e-08 
1.28884e-08 
1.28884e-08 
1.28884e-08 
1.28884e-08 
1.28884e-08 
1.28884e-08 
1.28884e-08 
1.28884e-08 
1.61105e-08 
1.61105e-08 
1.93326e-08 
2.25547e-08 
2.25547e-08 
1.93326e-08 
1.93326e-08 
1.93326e-08 
1.93326e-08 
1.93326e-08 
2.25547e-08 
2.57768e-08 
2.57768e-08 
2.57768e-08 
2.57768e-08 
2.89989e-08 
3.2221e-08 
3.2221e-08 
2.89989e-08 
2.89989e-08 
2.89989e-08 
2.89989e-08 
2.89989e-08 
2.57768e-08 
2.89989e-08 
2.89989e-08 
2.89989e-08 
3.2221e-08 
3.54431e-08 
3.54431e-08 
3.54431e-08 
3.54431e-08 
3.86652e-08 
3.86652e-08 
3.86652e-08 
4.18873e-08 
3.86652e-08 
3.86652e-08 
4.18873e-08 
4.18873e-08 
4.51094e-08 
4.83315e-08 
5.15536e-08 
5.47757e-08 
5.15536e-08 
5.47757e-08 
5.47757e-08 
5.47757e-08 
5.47757e-08 
5.47757e-08 
5.79978e-08 
5.79978e-08 
5.79978e-08 
6.12199e-08 
6.12199e-08 
6.4442e-08 
6.12199e-08 
6.12199e-08 
6.12199e-08 
5.79978e-08 
5.47757e-08 
5.47757e-08 
5.47757e-08 
5.47757e-08 
5.47757e-08 
5.79978e-08 
5.47757e-08 
5.47757e-08 
5.47757e-08 
5.15536e-08 
5.47757e-08 
5.47757e-08 
5.47757e-08 
5.47757e-08 
5.47757e-08 
5.47757e-08 
5.47757e-08 
5.47757e-08 
5.47757e-08 
5.47757e-08 
5.47757e-08 
5.79978e-08 
5.47757e-08 
5.47757e-08 
5.15536e-08 
5.15536e-08 
5.15536e-08 
5.47757e-08 
5.47757e-08 
5.79978e-08 
6.12199e-08 
6.12199e-08 
6.4442e-08 
6.76641e-08 
7.08862e-08 
7.08862e-08 
7.41083e-08 
7.41083e-08 
7.41083e-08 
7.41083e-08 
7.73304e-08 
8.05525e-08 
8.05525e-08 
8.37746e-08 
8.69967e-08 
9.02188e-08 
9.02188e-08 
9.02188e-08 
9.02188e-08 
9.02188e-08 
9.02188e-08 
9.34409e-08 
9.98851e-08 
1.03107e-07 
1.06329e-07 
1.06329e-07 
1.06329e-07 
1.09551e-07 
1.09551e-07 
1.12774e-07 
1.15996e-07 
1.15996e-07 
1.15996e-07 
1.19218e-07 
1.19218e-07 
1.2244e-07 
1.25662e-07 
1.28884e-07 
1.32106e-07 
1.35328e-07 
1.3855e-07 
1.41772e-07 
1.44995e-07 
1.44995e-07 
1.48217e-07 
1.51439e-07 
1.48217e-07 
1.51439e-07 
1.51439e-07 
1.54661e-07 
1.61105e-07 
1.61105e-07 
1.64327e-07 
1.67549e-07 
1.70771e-07 
1.73993e-07 
1.73993e-07 
1.73993e-07 
1.73993e-07 
1.77216e-07 
1.77216e-07 
1.77216e-07 
1.80438e-07 
1.77216e-07 
1.77216e-07 
1.77216e-07 
1.77216e-07 
1.80438e-07 
1.8366e-07 
1.80438e-07 
1.80438e-07 
1.80438e-07 
1.8366e-07 
1.8366e-07 
1.8366e-07 
1.86882e-07 
1.86882e-07 
1.86882e-07 
1.86882e-07 
1.86882e-07 
1.90104e-07 
1.90104e-07 
1.90104e-07 
1.90104e-07 
1.93326e-07 
1.93326e-07 
1.90104e-07 
1.90104e-07 
1.90104e-07 
1.90104e-07 
1.90104e-07 
1.93326e-07 
1.96548e-07 
1.96548e-07 
1.9977e-07 
1.9977e-07 
1.9977e-07 
1.9977e-07 
1.9977e-07 
2.02992e-07 
2.02992e-07 
2.06214e-07 
2.06214e-07 
2.06214e-07 
2.06214e-07 
2.09437e-07 
2.09437e-07 
2.09437e-07 
2.06214e-07 
2.06214e-07 
2.06214e-07 
2.06214e-07 
2.06214e-07 
2.06214e-07 
2.02992e-07 
2.06214e-07 
2.06214e-07 
2.02992e-07 
2.02992e-07 
2.02992e-07 
2.02992e-07 
2.02992e-07 
2.02992e-07 
2.02992e-07 
1.9977e-07 
1.9977e-07 
1.9977e-07 
1.9977e-07 
1.9977e-07 
2.02992e-07 
2.06214e-07 
2.06214e-07 
2.09437e-07 
2.06214e-07 
2.06214e-07 
2.02992e-07 
2.09437e-07 
2.09437e-07 
2.12659e-07 
2.12659e-07 
2.12659e-07 
2.19103e-07 
2.19103e-07 
2.22325e-07 
2.25547e-07 
2.28769e-07 
2.28769e-07 
2.25547e-07 
2.25547e-07 
2.25547e-07 
2.25547e-07 
2.28769e-07 
2.31991e-07 
2.31991e-07 
2.31991e-07 
2.28769e-07 
2.28769e-07 
2.28769e-07 
2.28769e-07 
2.28769e-07 
2.31991e-07 
2.35213e-07 
2.35213e-07 
2.31991e-07 
2.35213e-07 
2.35213e-07 
2.35213e-07 
2.35213e-07 
2.38435e-07 
2.41658e-07 
2.41658e-07 
2.38435e-07 
2.38435e-07 
2.38435e-07 
2.38435e-07 
2.41658e-07 
2.41658e-07 
2.41658e-07 
2.41658e-07 
2.4488e-07 
2.4488e-07 
2.48102e-07 
2.48102e-07 
2.48102e-07 
2.51324e-07 
2.48102e-07 
2.4488e-07 
2.48102e-07 
2.4488e-07 
2.48102e-07 
2.48102e-07 
2.48102e-07 
2.48102e-07 
2.51324e-07 
2.51324e-07 
2.51324e-07 
2.51324e-07 
2.51324e-07 
2.51324e-07 
2.51324e-07 
2.48102e-07 
2.48102e-07 
2.48102e-07 
2.48102e-07 
2.48102e-07 
2.48102e-07 
2.48102e-07 
2.51324e-07 
2.51324e-07 
2.51324e-07 
2.4488e-07 
2.41658e-07 
2.41658e-07 
2.4488e-07 
2.48102e-07 
2.48102e-07 
2.48102e-07 
2.48102e-07 
2.48102e-07 
2.48102e-07 
2.48102e-07 
2.51324e-07 
2.51324e-07 
2.51324e-07 
2.48102e-07 
2.48102e-07 
2.48102e-07 
2.48102e-07 
2.48102e-07 
2.51324e-07 
2.51324e-07 
2.51324e-07 
2.51324e-07 
2.57768e-07 
2.57768e-07 
2.54546e-07 
2.54546e-07 
2.54546e-07 
2.54546e-07 
2.54546e-07 
2.51324e-07 
2.51324e-07 
2.51324e-07 
2.51324e-07 
2.51324e-07 
2.54546e-07 
2.57768e-07 
2.51324e-07 
2.48102e-07 
2.48102e-07 
2.48102e-07 
2.48102e-07 
2.48102e-07 
2.51324e-07 
2.51324e-07 
2.48102e-07 
2.4488e-07 
2.48102e-07 
2.48102e-07 
2.51324e-07 
2.51324e-07 
2.51324e-07 
2.51324e-07 
2.51324e-07 
2.51324e-07 
2.48102e-07 
2.48102e-07 
2.48102e-07 
2.51324e-07 
2.54546e-07 
2.54546e-07 
2.54546e-07 
2.51324e-07 
2.54546e-07 
2.54546e-07 
2.54546e-07 
2.57768e-07 
2.57768e-07 
2.57768e-07 
2.6099e-07 
2.6099e-07 
2.6099e-07 
2.6099e-07 
2.64212e-07 
2.64212e-07 
2.64212e-07 
2.64212e-07 
2.64212e-07 
2.64212e-07 
2.64212e-07 
2.64212e-07 
2.64212e-07 
2.64212e-07 
2.64212e-07 
2.64212e-07 
2.67434e-07 
2.67434e-07 
2.70656e-07 
2.67434e-07 
2.67434e-07 
2.67434e-07 
2.67434e-07 
2.67434e-07 
2.67434e-07 
2.67434e-07 
2.64212e-07 
2.64212e-07 
2.70656e-07 
2.70656e-07 
2.70656e-07 
2.67434e-07 
2.64212e-07 
2.6099e-07 
2.6099e-07 
2.6099e-07 
2.6099e-07 
2.6099e-07 
2.57768e-07 
2.57768e-07 
2.57768e-07 
2.6099e-07 
2.64212e-07 
2.67434e-07 
2.67434e-07 
2.67434e-07 
2.67434e-07 
2.67434e-07 
2.67434e-07 
2.67434e-07 
2.67434e-07 
2.70656e-07 
2.70656e-07 
2.73879e-07 
2.77101e-07 
2.73879e-07 
2.73879e-07 
2.70656e-07 
2.70656e-07 
2.70656e-07 
2.67434e-07 
2.67434e-07 
2.67434e-07 
2.67434e-07 
2.70656e-07 
2.70656e-07 
2.73879e-07 
2.73879e-07 
2.73879e-07 
2.73879e-07 
2.70656e-07 
2.70656e-07 
2.73879e-07 
2.73879e-07 
2.77101e-07 
2.73879e-07 
2.77101e-07 
2.77101e-07 
2.80323e-07 
2.80323e-07 
2.80323e-07 
2.80323e-07 
2.80323e-07 
2.77101e-07 
2.73879e-07 
2.77101e-07 
2.77101e-07 
2.77101e-07 
2.77101e-07 
2.77101e-07 
2.77101e-07 
2.77101e-07 
2.77101e-07 
2.77101e-07 
2.73879e-07 
2.73879e-07 
2.73879e-07 
2.73879e-07 
2.73879e-07 
2.70656e-07 
2.70656e-07 
2.70656e-07 
2.70656e-07 
2.70656e-07 
2.70656e-07 
2.73879e-07 
2.67434e-07 
2.64212e-07 
2.67434e-07 
2.67434e-07 
2.67434e-07 
2.67434e-07 
2.64212e-07 
2.67434e-07 
2.67434e-07 
2.70656e-07 
2.70656e-07 
2.73879e-07 
2.73879e-07 
2.70656e-07 
2.73879e-07 
2.73879e-07 
2.70656e-07 
2.70656e-07 
2.73879e-07 
2.73879e-07 
2.73879e-07 
2.77101e-07 
2.77101e-07 
2.77101e-07 
2.77101e-07 
2.73879e-07 
2.73879e-07 
2.70656e-07 
2.70656e-07 
2.73879e-07 
2.73879e-07 
2.67434e-07 
2.67434e-07 
2.67434e-07 
2.70656e-07 
2.70656e-07 
2.70656e-07 
2.73879e-07 
2.73879e-07 
2.73879e-07 
2.73879e-07 
2.73879e-07 
2.67434e-07 
2.70656e-07 
2.73879e-07 
2.73879e-07 
2.73879e-07 
2.70656e-07 
2.73879e-07 
2.77101e-07 
2.73879e-07 
2.73879e-07 
2.77101e-07 
2.77101e-07 
2.77101e-07 
2.77101e-07 
2.73879e-07 
2.73879e-07 
2.73879e-07 
2.77101e-07 
2.80323e-07 
2.83545e-07 
2.83545e-07 
2.80323e-07 
2.80323e-07 
2.80323e-07 
2.83545e-07 
2.80323e-07 
2.80323e-07 
2.77101e-07 
2.77101e-07 
2.77101e-07 
2.77101e-07 
2.73879e-07 
2.73879e-07 
2.73879e-07 
2.73879e-07 
2.70656e-07 
2.73879e-07 
2.73879e-07 
2.73879e-07 
2.73879e-07 
2.77101e-07 
2.77101e-07 
2.77101e-07 
2.77101e-07 
2.73879e-07 
2.73879e-07 
2.77101e-07 
2.77101e-07 
2.77101e-07 
2.80323e-07 
2.80323e-07 
2.77101e-07 
2.77101e-07 
2.73879e-07 
2.73879e-07 
2.77101e-07 
2.77101e-07 
2.80323e-07 
2.77101e-07 
2.73879e-07 
2.70656e-07 
2.73879e-07 
2.73879e-07 
2.73879e-07 
2.77101e-07 
2.77101e-07 
2.80323e-07 
2.80323e-07 
2.83545e-07 
2.83545e-07 
2.83545e-07 
2.83545e-07 
2.83545e-07 
2.86767e-07 
2.83545e-07 
2.83545e-07 
2.83545e-07 
2.86767e-07 
2.86767e-07 
2.89989e-07 
2.93211e-07 
2.93211e-07 
2.93211e-07 
2.93211e-07 
2.93211e-07 
2.93211e-07 
2.93211e-07 
2.93211e-07 
2.96433e-07 
2.96433e-07 
2.96433e-07 
2.93211e-07 
2.96433e-07 
2.99655e-07 
3.02877e-07 
3.02877e-07 
3.02877e-07 
2.99655e-07 
2.96433e-07 
2.93211e-07 
2.96433e-07 
2.93211e-07 
2.96433e-07 
2.96433e-07 
2.96433e-07 
2.93211e-07 
2.96433e-07 
2.96433e-07 
2.93211e-07 
2.89989e-07 
2.93211e-07 
2.93211e-07 
2.89989e-07 
2.89989e-07 
2.89989e-07 
2.89989e-07 
2.89989e-07 
2.93211e-07 
2.93211e-07 
2.96433e-07 
2.93211e-07 
2.89989e-07 
2.89989e-07 
2.86767e-07 
2.83545e-07 
2.86767e-07 
2.86767e-07 
2.89989e-07 
2.89989e-07 
2.89989e-07 
2.89989e-07 
2.93211e-07 
2.93211e-07 
2.93211e-07 
2.93211e-07 
2.93211e-07 
2.93211e-07 
2.93211e-07 
2.96433e-07 
2.96433e-07 
2.96433e-07 
2.96433e-07 
2.96433e-07 
2.96433e-07 
2.96433e-07 
2.89989e-07 
2.89989e-07 
2.89989e-07 
2.89989e-07 
2.89989e-07 
2.93211e-07 
2.93211e-07 
2.93211e-07 
2.89989e-07 
2.89989e-07 
2.93211e-07 
2.93211e-07 
2.93211e-07 
2.93211e-07 
2.93211e-07 
2.93211e-07 
2.93211e-07 
2.96433e-07 
2.96433e-07 
2.99655e-07 
3.02877e-07 
3.02877e-07 
3.02877e-07 
2.99655e-07 
2.96433e-07 
2.93211e-07 
2.93211e-07 
2.93211e-07 
2.96433e-07 
2.93211e-07 
2.89989e-07 
2.89989e-07 
2.89989e-07 
2.93211e-07 
2.96433e-07 
2.96433e-07 
2.93211e-07 
2.93211e-07 
2.86767e-07 
2.86767e-07 
2.86767e-07 
2.86767e-07 
2.89989e-07 
2.89989e-07 
2.89989e-07 
2.89989e-07 
2.89989e-07 
2.93211e-07 
2.93211e-07 
2.89989e-07 
2.89989e-07 
2.89989e-07 
2.89989e-07 
2.86767e-07 
2.86767e-07 
2.89989e-07 
2.93211e-07 
2.89989e-07 
2.93211e-07 
2.89989e-07 
2.89989e-07 
2.86767e-07 
2.86767e-07 
2.86767e-07 
2.86767e-07 
2.89989e-07 
2.89989e-07 
2.89989e-07 
2.89989e-07 
2.89989e-07 
2.89989e-07 
2.93211e-07 
2.93211e-07 
2.86767e-07 
2.86767e-07 
2.83545e-07 
2.83545e-07 
2.86767e-07 
2.86767e-07 
2.89989e-07 
2.89989e-07 
2.93211e-07 
2.96433e-07 
2.96433e-07 
2.99655e-07 
2.99655e-07 
2.96433e-07 
2.96433e-07 
2.93211e-07 
2.93211e-07 
2.89989e-07 
2.86767e-07 
2.86767e-07 
2.86767e-07 
2.89989e-07 
2.89989e-07 
2.93211e-07 
2.99655e-07 
2.96433e-07 
2.96433e-07 
2.96433e-07 
2.99655e-07 
3.02877e-07 
3.061e-07 
3.061e-07 
3.12544e-07 
3.12544e-07 
3.12544e-07 
3.12544e-07 
3.15766e-07 
3.12544e-07 
3.09322e-07 
3.12544e-07 
3.09322e-07 
3.061e-07 
3.061e-07 
3.09322e-07 
3.09322e-07 
3.12544e-07 
3.09322e-07 
3.15766e-07 
3.15766e-07 
3.12544e-07 
3.09322e-07 
3.09322e-07 
3.061e-07 
3.061e-07 
3.09322e-07 
3.061e-07 
3.061e-07 
3.09322e-07 
3.061e-07 
3.061e-07 
3.09322e-07 
3.09322e-07 
3.061e-07 
3.061e-07 
3.061e-07 
3.02877e-07 
3.02877e-07 
3.061e-07 
3.061e-07 
3.09322e-07 
3.12544e-07 
3.15766e-07 
3.12544e-07 
3.12544e-07 
3.09322e-07 
3.09322e-07 
3.09322e-07 
3.09322e-07 
3.09322e-07 
3.061e-07 
3.061e-07 
3.061e-07 
3.09322e-07 
3.09322e-07 
3.09322e-07 
3.15766e-07 
3.12544e-07 
3.09322e-07 
3.061e-07 
3.061e-07 
3.09322e-07 
3.061e-07 
3.061e-07 
3.061e-07 
3.061e-07 
3.061e-07 
3.061e-07 
3.061e-07 
3.061e-07 
3.061e-07 
3.09322e-07 
3.09322e-07 
3.09322e-07 
3.09322e-07 
3.09322e-07 
3.09322e-07 
3.061e-07 
3.09322e-07 
3.12544e-07 
3.15766e-07 
3.12544e-07 
3.09322e-07 
3.09322e-07 
3.061e-07 
3.02877e-07 
2.99655e-07 
2.96433e-07 
2.93211e-07 
2.89989e-07 
2.86767e-07 
2.86767e-07 
2.86767e-07 
2.80323e-07 
2.77101e-07 
2.77101e-07 
2.70656e-07 
2.67434e-07 
2.70656e-07 
2.70656e-07 
2.70656e-07 
2.70656e-07 
2.70656e-07 
2.73879e-07 
2.73879e-07 
2.70656e-07 
2.67434e-07 
2.67434e-07 
2.67434e-07 
2.70656e-07 
2.73879e-07 
2.77101e-07 
2.77101e-07 
2.73879e-07 
2.77101e-07 
2.77101e-07 
2.77101e-07 
2.73879e-07 
2.73879e-07 
2.70656e-07 
2.67434e-07 
2.64212e-07 
2.64212e-07 
2.64212e-07 
2.64212e-07 
2.67434e-07 
2.70656e-07 
2.67434e-07 
2.67434e-07 
2.64212e-07 
2.64212e-07 
2.64212e-07 
2.67434e-07 
2.67434e-07 
2.67434e-07 
2.67434e-07 
2.64212e-07 
2.64212e-07 
2.64212e-07 
2.64212e-07 
2.67434e-07 
2.67434e-07 
2.64212e-07 
2.6099e-07 
2.6099e-07 
2.6099e-07 
2.57768e-07 
2.57768e-07 
2.54546e-07 
2.57768e-07 
2.54546e-07 
2.54546e-07 
2.57768e-07 
2.57768e-07 
2.54546e-07 
2.54546e-07 
2.51324e-07 
2.51324e-07 
2.51324e-07 
2.51324e-07 
2.51324e-07 
2.51324e-07 
2.48102e-07 
2.48102e-07 
2.48102e-07 
2.51324e-07 
2.48102e-07 
2.48102e-07 
2.48102e-07 
2.4488e-07 
2.4488e-07 
2.41658e-07 
2.4488e-07 
2.41658e-07 
2.38435e-07 
2.41658e-07 
2.41658e-07 
2.38435e-07 
2.35213e-07 
2.35213e-07 
2.31991e-07 
2.31991e-07 
2.31991e-07 
2.28769e-07 
2.28769e-07 
2.28769e-07 
2.25547e-07 
2.28769e-07 
2.28769e-07 
2.25547e-07 
2.22325e-07 
2.25547e-07 
2.22325e-07 
2.22325e-07 
2.25547e-07 
2.25547e-07 
2.28769e-07 
2.25547e-07 
2.28769e-07 
2.28769e-07 
2.28769e-07 
2.28769e-07 
2.25547e-07 
2.22325e-07 
2.19103e-07 
2.15881e-07 
2.15881e-07 
2.12659e-07 
2.12659e-07 
2.09437e-07 
2.12659e-07 
2.12659e-07 
2.12659e-07 
2.12659e-07 
2.09437e-07 
2.09437e-07 
2.06214e-07 
2.02992e-07 
1.9977e-07 
1.9977e-07 
1.96548e-07 
1.96548e-07 
1.93326e-07 
1.90104e-07 
1.90104e-07 
1.90104e-07 
1.86882e-07 
1.8366e-07 
1.8366e-07 
1.80438e-07 
1.77216e-07 
1.77216e-07 
1.77216e-07 
1.73993e-07 
1.77216e-07 
1.77216e-07 
1.77216e-07 
1.73993e-07 
1.70771e-07 
1.70771e-07 
1.67549e-07 
1.64327e-07 
1.64327e-07 
1.64327e-07 
1.61105e-07 
1.57883e-07 
1.57883e-07 
1.57883e-07 
1.61105e-07 
1.61105e-07 
1.51439e-07 
1.51439e-07 
1.44995e-07 
1.41772e-07 
1.44995e-07 
1.41772e-07 
1.44995e-07 
1.41772e-07 
1.3855e-07 
1.3855e-07 
1.3855e-07 
1.35328e-07 
1.35328e-07 
1.32106e-07 
1.32106e-07 
1.32106e-07 
1.32106e-07 
1.32106e-07 
1.32106e-07 
1.32106e-07 
1.32106e-07 
1.32106e-07 
1.35328e-07 
1.32106e-07 
1.32106e-07 
1.28884e-07 
1.28884e-07 
1.25662e-07 
1.2244e-07 
1.2244e-07 
1.19218e-07 
1.19218e-07 
1.15996e-07 
1.15996e-07 
1.19218e-07 
1.19218e-07 
1.15996e-07 
1.15996e-07 
1.12774e-07 
1.09551e-07 
1.09551e-07 
1.06329e-07 
1.06329e-07 
1.09551e-07 
1.06329e-07 
1.09551e-07 
1.06329e-07 
1.06329e-07 
1.03107e-07 
9.98851e-08 
9.6663e-08 
9.34409e-08 
9.34409e-08 
9.34409e-08 
9.34409e-08 
9.02188e-08 
8.69967e-08 
8.37746e-08 
8.37746e-08 
8.05525e-08 
8.05525e-08 
7.73304e-08 
7.41083e-08 
7.08862e-08 
7.08862e-08 
7.08862e-08 
7.08862e-08 
7.41083e-08 
7.41083e-08 
7.41083e-08 
7.08862e-08 
6.76641e-08 
6.76641e-08 
6.12199e-08 
6.12199e-08 
5.79978e-08 
5.79978e-08 
5.47757e-08 
5.47757e-08 
5.15536e-08 
5.15536e-08 
5.15536e-08 
4.83315e-08 
4.83315e-08 
4.83315e-08 
4.18873e-08 
4.18873e-08 
3.86652e-08 
3.54431e-08 
3.2221e-08 
3.2221e-08 
3.2221e-08 
3.2221e-08 
3.2221e-08 
2.89989e-08 
2.57768e-08 
2.25547e-08 
1.93326e-08 
1.61105e-08 
1.61105e-08 
1.28884e-08 
9.6663e-09 
3.2221e-09 
3.2221e-09 
3.2221e-09 
0 
-3.2221e-09 
-6.4442e-09 
-1.28884e-08 
-1.61105e-08 
-1.93326e-08 
-1.93326e-08 
-1.93326e-08 
-2.25547e-08 
-2.25547e-08 
-2.25547e-08 
-2.57768e-08 
-2.57768e-08 
-2.89989e-08 
-3.2221e-08 
-3.54431e-08 
-3.54431e-08 
-3.86652e-08 
-4.18873e-08 
-4.18873e-08 
-4.18873e-08 
-4.51094e-08 
-4.51094e-08 
-4.51094e-08 
-4.51094e-08 
-4.51094e-08 
-5.15536e-08 
-5.47757e-08 
-5.79978e-08 
-6.12199e-08 
-6.4442e-08 
-6.76641e-08 
-7.08862e-08 
-7.08862e-08 
-7.41083e-08 
-7.73304e-08 
-8.05525e-08 
-8.05525e-08 
-8.37746e-08 
-8.69967e-08 
-9.02188e-08 
-9.02188e-08 
-9.02188e-08 
-9.02188e-08 
-9.34409e-08 
-9.6663e-08 
-9.98851e-08 
-9.98851e-08 
-9.98851e-08 
-1.03107e-07 
-1.09551e-07 
-1.09551e-07 
-1.12774e-07 
-1.15996e-07 
-1.15996e-07 
-1.19218e-07 
-1.2244e-07 
-1.2244e-07 
-1.25662e-07 
-1.28884e-07 
