2.66289e-14 
0 
-5.32579e-14 
-1.59774e-13 
-3.46176e-13 
-6.39094e-13 
-1.11841e-12 
-1.8374e-12 
-2.92918e-12 
-4.50029e-12 
-6.76375e-12 
-9.95922e-12 
-1.43264e-11 
-2.03179e-11 
-2.83598e-11 
-3.90646e-11 
-5.3178e-11 
-7.16052e-11 
-9.5518e-11 
-1.26248e-10 
-1.65472e-10 
-2.15188e-10 
-2.77846e-10 
-3.56375e-10 
-4.54236e-10 
-5.75451e-10 
-7.25079e-10 
-9.08685e-10 
-1.13314e-09 
-1.40638e-09 
-1.73759e-09 
-2.13764e-09 
-2.61909e-09 
-3.19648e-09 
-3.88665e-09 
-4.70895e-09 
-5.68578e-09 
-6.8427e-09 
-8.20911e-09 
-9.81854e-09 
-1.17093e-08 
-1.39249e-08 
-1.65149e-08 
-1.95356e-08 
-2.30504e-08 
-2.71313e-08 
-3.18591e-08 
-3.73254e-08 
-4.36328e-08 
-5.08965e-08 
-5.92456e-08 
-6.88249e-08 
-7.97961e-08 
-9.23394e-08 
-1.06656e-07 
-1.2297e-07 
-1.41529e-07 
-1.62611e-07 
-1.86521e-07 
-2.13599e-07 
-2.44219e-07 
-2.78797e-07 
-3.17789e-07 
-3.61699e-07 
-4.11083e-07 
-4.66551e-07 
-5.28774e-07 
-5.98487e-07 
-6.76498e-07 
-7.6369e-07 
-8.61032e-07 
-9.69579e-07 
-1.09049e-06 
-1.22501e-06 
-1.37454e-06 
-1.54055e-06 
-1.72468e-06 
-1.92869e-06 
-2.15451e-06 
-2.40423e-06 
-2.6801e-06 
-2.98458e-06 
-3.32031e-06 
-3.69018e-06 
-4.09729e-06 
-4.54497e-06 
-5.03686e-06 
-5.57685e-06 
-6.16914e-06 
-6.81826e-06 
-7.52909e-06 
-8.30686e-06 
-9.1572e-06 
-1.00861e-05 
-1.11002e-05 
-1.22063e-05 
-1.34119e-05 
-1.4725e-05 
-1.61541e-05 
-1.77084e-05 
-1.93976e-05 
-2.12321e-05 
-2.32232e-05 
-2.53826e-05 
-2.77231e-05 
-3.0258e-05 
-3.30019e-05 
-3.597e-05 
-3.91785e-05 
-4.26447e-05 
-4.63871e-05 
-5.04251e-05 
-5.47794e-05 
-5.94719e-05 
-6.4526e-05 
-6.99663e-05 
-7.58189e-05 
-8.21114e-05 
-8.8873e-05 
-9.61346e-05 
-0.000103929 
-0.00011229 
-0.000121255 
-0.000130862 
-0.000141151 
-0.000152165 
-0.000163949 
-0.00017655 
-0.000190018 
-0.000204405 
-0.000219767 
-0.00023616 
-0.000253647 
-0.000272289 
-0.000292155 
-0.000313315 
-0.000335841 
-0.000359811 
-0.000385306 
-0.000412409 
-0.00044121 
-0.0004718 
-0.000504276 
-0.000538738 
-0.000575293 
-0.000614049 
-0.000655122 
-0.000698631 
-0.000744701 
-0.000793462 
-0.000845048 
-0.0008996 
-0.000957266 
-0.0010182 
-0.00108255 
-0.00115049 
-0.0012222 
-0.00129784 
-0.00137759 
-0.00146167 
-0.00155025 
-0.00164354 
-0.00174177 
-0.00184514 
-0.00195388 
-0.00206824 
-0.00218845 
-0.00231477 
-0.00244746 
-0.00258678 
-0.00273302 
-0.00288646 
-0.00304739 
-0.00321612 
-0.00339296 
-0.00357824 
-0.00377229 
-0.00397545 
-0.00418807 
-0.00441052 
-0.00464316 
-0.00488638 
-0.00514058 
-0.00540614 
-0.00568349 
-0.00597305 
-0.00627525 
-0.00659054 
-0.00691937 
-0.0072622 
-0.00761952 
-0.00799181 
-0.00837956 
-0.00878328 
-0.0092035 
-0.00964074 
-0.0100955 
-0.0105684 
-0.01106 
-0.0115708 
-0.0121015 
-0.0126525 
-0.0132245 
-0.0138182 
-0.0144341 
-0.0150729 
-0.0157351 
-0.0164215 
-0.0171327 
-0.0178693 
-0.0186321 
-0.0194216 
-0.0202387 
-0.0210839 
-0.021958 
-0.0228616 
-0.0237955 
-0.0247604 
-0.025757 
-0.026786 
-0.0278481 
-0.0289441 
-0.0300746 
-0.0312405 
-0.0324424 
-0.0336811 
-0.0349572 
-0.0362716 
-0.0376249 
-0.0390178 
-0.0404511 
-0.0419254 
-0.0434416 
-0.0450001 
-0.0466019 
-0.0482474 
-0.0499375 
-0.0516726 
-0.0534536 
-0.055281 
-0.0571555 
-0.0590775 
-0.0610478 
-0.0630669 
-0.0651353 
-0.0672536 
-0.0694222 
-0.0716417 
-0.0739125 
-0.076235 
-0.0786096 
-0.0810368 
-0.0835168 
-0.08605 
-0.0886367 
-0.091277 
-0.0939713 
-0.0967197 
-0.0995223 
-0.102379 
-0.105291 
-0.108256 
-0.111276 
-0.114351 
-0.117479 
-0.120662 
-0.123898 
-0.127188 
-0.130531 
-0.133927 
-0.137375 
-0.140875 
-0.144426 
-0.148028 
-0.15168 
-0.155381 
-0.15913 
-0.162928 
-0.166771 
-0.170661 
-0.174595 
-0.178572 
-0.182592 
-0.186652 
-0.190752 
-0.19489 
-0.199065 
-0.203275 
-0.207518 
-0.211792 
-0.216096 
-0.220428 
-0.224786 
-0.229167 
-0.23357 
-0.237993 
-0.242432 
-0.246886 
-0.251352 
-0.255828 
-0.260311 
-0.264797 
-0.269286 
-0.273772 
-0.278254 
-0.282729 
-0.287192 
-0.291642 
-0.296075 
-0.300486 
-0.304874 
-0.309234 
-0.313563 
-0.317856 
-0.322111 
-0.326324 
-0.33049 
-0.334605 
-0.338666 
-0.342668 
-0.346608 
-0.35048 
-0.354281 
-0.358007 
-0.361652 
-0.365213 
-0.368685 
-0.372064 
-0.375344 
-0.378521 
-0.381591 
-0.384549 
-0.38739 
-0.39011 
-0.392703 
-0.395165 
-0.397491 
-0.399676 
-0.401716 
-0.403605 
-0.405339 
-0.406913 
-0.408323 
-0.409562 
-0.410627 
-0.411513 
-0.412216 
-0.41273 
-0.41305 
-0.413173 
-0.413094 
-0.412808 
-0.41231 
-0.411598 
-0.410665 
-0.409508 
-0.408123 
-0.406506 
-0.404653 
-0.402559 
-0.400222 
-0.397638 
-0.394802 
-0.391712 
-0.388364 
-0.384756 
-0.380884 
-0.376744 
-0.372336 
-0.367655 
-0.3627 
-0.357468 
-0.351957 
-0.346165 
-0.340091 
-0.333732 
-0.327088 
-0.320157 
-0.312939 
-0.305431 
-0.297635 
-0.289549 
-0.281173 
-0.272507 
-0.263552 
-0.254308 
-0.244775 
-0.234955 
-0.224849 
-0.214458 
-0.203783 
-0.192827 
-0.181591 
-0.170079 
-0.158292 
-0.146233 
-0.133906 
-0.121314 
-0.10846 
-0.0953485 
-0.081983 
-0.0683681 
-0.0545084 
-0.0404086 
-0.0260739 
-0.0115095 
0.0032789 
0.0182856 
0.0335045 
0.0489293 
0.0645535 
0.0803703 
0.0963728 
0.112554 
0.128905 
0.14542 
0.162091 
0.178908 
0.195865 
0.212952 
0.230161 
0.247482 
0.264907 
0.282427 
0.300031 
0.317711 
0.335456 
0.353256 
0.371102 
0.388983 
0.406889 
0.424809 
0.442733 
0.46065 
0.478549 
0.496418 
0.514248 
0.532028 
0.549745 
0.567388 
0.584947 
0.602411 
0.619767 
0.637004 
0.654112 
0.671079 
0.687893 
0.704544 
0.721019 
0.737309 
0.753401 
0.769284 
0.784948 
0.800382 
0.815575 
0.830516 
0.845194 
0.8596 
0.873723 
0.887552 
0.901078 
0.914291 
0.927182 
0.939741 
0.951958 
0.963826 
0.975334 
0.986475 
0.997241 
1.00762 
1.01761 
1.02721 
1.03639 
1.04516 
1.05352 
1.06145 
1.06894 
1.076 
1.08262 
1.08879 
1.09451 
1.09977 
1.10458 
1.10892 
1.11279 
1.1162 
1.11913 
1.12159 
1.12358 
1.12509 
1.12612 
1.12668 
1.12676 
1.12637 
1.1255 
1.12416 
1.12234 
1.12006 
1.11731 
1.1141 
1.11043 
1.1063 
1.10171 
1.09669 
1.09122 
1.08531 
1.07897 
1.07221 
1.06504 
1.05745 
1.04946 
1.04108 
1.03231 
1.02316 
1.01365 
1.00377 
0.993553 
0.982994 
0.972106 
0.960902 
0.949392 
0.937587 
0.925499 
0.913141 
0.900524 
0.887661 
0.874566 
0.86125 
0.847728 
0.834012 
0.820118 
0.806057 
0.791845 
0.777495 
0.763023 
0.748442 
0.733767 
0.719013 
0.704194 
0.689326 
0.674423 
0.6595 
0.644573 
0.629655 
0.614763 
0.599911 
0.585113 
0.570386 
0.555742 
0.541198 
0.526768 
0.512465 
0.498305 
0.484301 
0.470468 
0.456818 
0.443367 
0.430126 
0.417109 
0.404329 
0.391799 
0.37953 
0.367535 
0.355825 
0.344412 
0.333307 
0.32252 
0.312062 
0.301942 
0.292171 
0.282756 
0.273708 
0.265034 
0.256742 
0.24884 
0.241334 
0.234232 
0.227538 
0.22126 
0.215401 
0.209966 
0.20496 
0.200386 
0.196248 
0.192547 
0.189286 
0.186467 
0.18409 
0.182156 
0.180666 
0.179618 
0.179012 
0.178847 
0.179119 
0.179827 
0.180968 
0.182537 
0.184532 
0.186947 
0.189777 
0.193017 
0.196661 
0.200703 
0.205135 
0.20995 
0.215141 
0.220698 
0.226615 
0.23288 
0.239486 
0.246422 
0.253678 
0.261244 
0.269108 
0.277259 
0.285687 
0.294378 
0.303321 
0.312504 
0.321913 
0.331537 
0.341361 
0.351373 
0.361559 
0.371905 
0.382399 
0.393025 
0.40377 
0.414619 
0.425559 
0.436575 
0.447654 
0.458779 
0.469939 
0.481117 
0.4923 
0.503473 
0.514623 
0.525736 
0.536797 
0.547793 
0.55871 
0.569534 
0.580254 
0.590854 
0.601323 
0.611647 
0.621815 
0.631815 
0.641634 
0.651261 
0.660685 
0.669894 
0.678879 
0.68763 
0.696136 
0.704388 
0.712377 
0.720094 
0.727532 
0.734683 
0.741538 
0.748092 
0.754339 
0.760271 
0.765884 
0.771173 
0.776133 
0.78076 
0.785051 
0.789003 
0.792613 
0.79588 
0.798802 
0.801377 
0.803606 
0.805489 
0.807025 
0.808217 
0.809065 
0.809572 
0.809739 
0.809571 
0.80907 
0.80824 
0.807085 
0.805611 
0.803821 
0.801723 
0.799321 
0.796622 
0.793632 
0.790359 
0.78681 
0.782992 
0.778913 
0.774582 
0.770006 
0.765195 
0.760157 
0.754902 
0.749437 
0.743774 
0.73792 
0.731887 
0.725683 
0.719318 
0.712801 
0.706144 
0.699354 
0.692443 
0.685419 
0.678292 
0.671073 
0.663769 
0.656391 
0.648947 
0.641446 
0.633898 
0.62631 
0.618691 
0.611048 
0.60339 
0.595725 
0.588059 
0.580398 
0.572751 
0.565122 
0.557519 
0.549945 
0.542407 
0.534909 
0.527455 
0.52005 
0.512697 
0.505399 
0.498159 
0.490979 
0.483861 
0.476806 
0.469816 
0.462891 
0.45603 
0.449234 
0.442502 
0.435833 
0.429225 
0.422676 
0.416184 
0.409746 
0.403359 
0.397018 
0.390721 
0.384463 
0.37824 
0.372046 
0.365876 
0.359725 
0.353588 
0.347458 
0.34133 
0.335197 
0.329053 
0.322893 
0.316709 
0.310496 
0.304247 
0.297957 
0.291619 
0.285229 
0.278782 
0.272271 
0.265694 
0.259046 
0.252325 
0.245527 
0.238651 
0.231697 
0.224663 
0.217552 
0.210366 
0.203108 
0.195782 
0.188395 
0.180954 
0.173469 
0.165951 
0.158411 
0.150865 
0.143328 
0.13582 
0.128361 
0.120974 
0.113684 
0.106518 
0.0995063 
0.0926818 
0.0860794 
0.0797368 
0.0736946 
0.0679958 
0.0626865 
0.0578154 
0.0534341 
0.049597 
0.0463613 
0.0437869 
0.0419367 
0.0408761 
0.0406732 
0.0413989 
0.0431265 
0.0459315 
0.0498921 
0.0550885 
0.0616029 
0.0695196 
0.0789246 
0.0899053 
0.102551 
0.116951 
0.133197 
0.15138 
0.171593 
0.193928 
0.218477 
0.245333 
0.274586 
0.306327 
0.340646 
0.37763 
0.417364 
0.459932 
0.505415 
0.553891 
0.605435 
0.660117 
0.718007 
0.779165 
0.843652 
0.91152 
0.982818 
1.05759 
1.13587 
1.21769 
1.30308 
1.39205 
1.48461 
1.58078 
1.68053 
1.78388 
1.89078 
2.00123 
2.11517 
2.23258 
2.3534 
2.47757 
2.60502 
2.73567 
2.86945 
3.00626 
3.146 
3.28855 
3.43381 
3.58164 
3.73192 
3.88451 
4.03925 
4.19599 
4.35457 
4.51482 
4.67657 
4.83964 
5.00383 
5.16897 
5.33484 
5.50126 
5.66802 
5.8349 
6.0017 
6.1682 
6.33418 
6.49942 
6.66371 
6.82682 
6.98853 
7.14861 
7.30685 
7.46302 
7.6169 
7.76828 
7.91694 
8.06266 
8.20524 
8.34447 
8.48014 
8.61206 
8.74003 
8.86388 
8.9834 
9.09844 
9.20881 
9.31436 
9.41493 
9.51036 
9.60053 
9.68529 
9.76452 
9.83811 
9.90594 
9.96792 
10.024 
10.074 
10.1179 
10.1557 
10.1872 
10.2125 
10.2315 
10.2442 
10.2506 
10.2507 
10.2444 
10.2319 
10.213 
10.1879 
10.1566 
10.1192 
10.0757 
10.0262 
9.97075 
9.90946 
9.84243 
9.76977 
9.69158 
9.608 
9.51915 
9.42516 
9.32619 
9.22237 
9.11387 
9.00085 
8.88347 
8.76191 
8.63635 
8.50696 
8.37394 
8.23746 
8.09773 
7.95493 
7.80927 
7.66094 
7.51015 
7.35709 
7.20197 
7.045 
6.88636 
6.72628 
6.56493 
6.40254 
6.23929 
6.07537 
5.91099 
5.74633 
5.58158 
5.41692 
5.25252 
5.08858 
4.92525 
4.76269 
4.60108 
4.44057 
4.28129 
4.1234 
3.96704 
3.81233 
3.65939 
3.50835 
3.35931 
3.21238 
3.06766 
2.92522 
2.78517 
2.64757 
2.51248 
2.37998 
2.25011 
2.12292 
1.99846 
1.87675 
1.75781 
1.64168 
1.52837 
1.41787 
1.31019 
1.20533 
1.10328 
1.00401 
0.907507 
0.813745 
0.722692 
0.634311 
0.548561 
0.465399 
0.384775 
0.306639 
0.230935 
0.157607 
0.0865931 
0.0178319 
-0.0487412 
-0.113192 
-0.175589 
-0.236 
-0.294495 
-0.351144 
-0.406018 
-0.459187 
-0.510722 
-0.560692 
-0.609167 
-0.656217 
-0.701907 
-0.746306 
-0.789477 
-0.831483 
-0.872387 
-0.912248 
-0.951124 
-0.989069 
-1.02614 
-1.06238 
-1.09784 
-1.13257 
-1.16661 
-1.2 
-1.23278 
-1.26498 
-1.29664 
-1.32777 
-1.35842 
-1.3886 
-1.41833 
-1.44763 
-1.47652 
-1.50501 
-1.5331 
-1.56081 
-1.58813 
-1.61508 
-1.64164 
-1.66782 
-1.69361 
-1.719 
-1.74398 
-1.76855 
-1.79268 
-1.81636 
-1.83957 
-1.8623 
-1.88452 
-1.90621 
-1.92735 
-1.9479 
-1.96786 
-1.98718 
-2.00584 
-2.02381 
-2.04106 
-2.05755 
-2.07327 
-2.08817 
-2.10223 
-2.11541 
-2.12767 
-2.13899 
-2.14934 
-2.15868 
-2.16697 
-2.17419 
-2.18031 
-2.18528 
-2.18909 
-2.1917 
-2.19308 
-2.19321 
-2.19205 
-2.18958 
-2.18578 
-2.18061 
-2.17405 
-2.16609 
-2.1567 
-2.14586 
-2.13355 
-2.11976 
-2.10447 
-2.08767 
-2.06935 
-2.04949 
-2.02809 
-2.00515 
-1.98065 
-1.9546 
-1.92699 
-1.89782 
-1.86711 
-1.83486 
-1.80106 
-1.76574 
-1.72891 
-1.69058 
-1.65076 
-1.60948 
-1.56676 
-1.52262 
-1.47708 
-1.43017 
-1.38193 
-1.33239 
-1.28157 
-1.22952 
-1.17628 
-1.12188 
-1.06636 
-1.00978 
-0.952183 
-0.89361 
-0.834115 
-0.77375 
-0.712569 
-0.650628 
-0.587984 
-0.524695 
-0.460823 
-0.396428 
-0.331573 
-0.266323 
-0.200742 
-0.134897 
-0.068855 
-0.00268403 
0.0635473 
0.12977 
0.195913 
0.261907 
0.327681 
0.393164 
0.458285 
0.522973 
0.587158 
0.650767 
0.713732 
0.775982 
0.837447 
0.898059 
0.957749 
1.01645 
1.0741 
1.13062 
1.18596 
1.24006 
1.29284 
1.34426 
1.39425 
1.44275 
1.48972 
1.53509 
1.57882 
1.62085 
1.66114 
1.69964 
1.73631 
1.77112 
1.80401 
1.83495 
1.86391 
1.89086 
1.91577 
1.93861 
1.95937 
1.978 
1.99451 
2.00887 
2.02108 
2.03111 
2.03897 
2.04464 
2.04813 
2.04944 
2.04857 
2.04553 
2.04033 
2.03298 
2.02349 
2.01189 
1.99818 
1.98241 
1.96459 
1.94475 
1.92292 
1.89914 
1.87344 
1.84587 
1.81646 
1.78525 
1.7523 
1.71765 
1.68136 
1.64347 
1.60404 
1.56312 
1.52078 
1.47708 
1.43208 
1.38584 
1.33843 
1.28992 
1.24037 
1.18986 
1.13845 
1.08623 
1.03325 
0.979607 
0.925364 
0.8706 
0.815392 
0.759818 
0.703954 
0.647881 
0.591675 
0.535416 
0.479182 
0.423051 
0.367102 
0.311413 
0.256062 
0.201124 
0.146678 
0.0927974 
0.0395581 
-0.0129663 
-0.0647032 
-0.115581 
-0.165529 
-0.21448 
-0.262364 
-0.309118 
-0.354676 
-0.398976 
-0.441958 
-0.483563 
-0.523734 
-0.562419 
-0.599563 
-0.635118 
-0.669036 
-0.701272 
-0.731783 
-0.76053 
-0.787475 
-0.812584 
-0.835824 
-0.857166 
-0.876584 
-0.894055 
-0.909559 
-0.923076 
-0.934593 
-0.944099 
-0.951583 
-0.957041 
-0.96047 
-0.96187 
-0.961245 
-0.9586 
-0.953945 
-0.947293 
-0.938657 
-0.928057 
-0.915513 
-0.901049 
-0.884691 
-0.866469 
-0.846415 
-0.824563 
-0.80095 
-0.775617 
-0.748605 
-0.719959 
-0.689725 
-0.657953 
-0.624694 
-0.590001 
-0.553929 
-0.516536 
-0.47788 
-0.438022 
-0.397023 
-0.354948 
-0.311862 
-0.26783 
-0.222921 
-0.177203 
-0.130745 
-0.0836172 
-0.0358917 
0.0123601 
0.0610661 
0.110153 
0.159549 
0.20918 
0.258972 
0.308853 
0.358749 
0.408588 
0.458296 
0.507802 
0.557034 
0.605921 
0.654392 
0.702379 
0.749813 
0.796627 
0.842754 
0.88813 
0.93269 
0.976373 
1.01912 
1.06086 
1.10156 
1.14114 
1.17955 
1.21675 
1.25268 
1.2873 
1.32055 
1.3524 
1.3828 
1.41171 
1.4391 
1.46493 
1.48917 
1.51178 
1.53275 
1.55204 
1.56963 
1.5855 
1.59964 
1.61203 
1.62265 
1.6315 
1.63857 
1.64385 
1.64735 
1.64906 
1.64899 
1.64714 
1.64352 
1.63814 
1.63102 
1.62218 
1.61162 
1.59938 
1.58547 
1.56992 
1.55277 
1.53403 
1.51375 
1.49196 
1.4687 
1.444 
1.41792 
1.39049 
1.36175 
1.33176 
1.30057 
1.26823 
1.23478 
1.20029 
1.16481 
1.1284 
1.09112 
1.05302 
1.01417 
0.974631 
0.934466 
0.89374 
0.852516 
0.810861 
0.76884 
0.726522 
0.683972 
0.641258 
0.598448 
0.555609 
0.512809 
0.470115 
0.427595 
0.385315 
0.343342 
0.301741 
0.260578 
0.219916 
0.17982 
0.140352 
0.101572 
0.0635415 
0.026319 
-0.010038 
-0.0454738 
-0.0799337 
-0.113365 
-0.145717 
-0.176941 
-0.206989 
-0.235816 
-0.263379 
-0.289638 
-0.314552 
-0.338087 
-0.360207 
-0.380881 
-0.40008 
-0.417777 
-0.433948 
-0.448571 
-0.461627 
-0.473099 
-0.482975 
-0.491242 
-0.497893 
-0.502922 
-0.506325 
-0.508103 
-0.508258 
-0.506795 
-0.503722 
-0.49905 
-0.492791 
-0.484962 
-0.47558 
-0.464666 
-0.452245 
-0.43834 
-0.422981 
-0.406199 
-0.388024 
-0.368494 
-0.347644 
-0.325513 
-0.302144 
-0.277578 
-0.25186 
-0.225038 
-0.19716 
-0.168274 
-0.138433 
-0.107689 
-0.0760955 
-0.0437085 
-0.0105838 
0.0232213 
0.0576488 
0.0926398 
0.128135 
0.164073 
0.200395 
0.237039 
0.273943 
0.311047 
0.348289 
0.385607 
0.42294 
0.460226 
0.497406 
0.534417 
0.571202 
0.6077 
0.643852 
0.679602 
0.714892 
0.749667 
0.78387 
0.81745 
0.850353 
0.882528 
0.913926 
0.944498 
0.974197 
1.00298 
1.0308 
1.05762 
1.08339 
1.10808 
1.13165 
1.15407 
1.17531 
1.19533 
1.21411 
1.23161 
1.24783 
1.26272 
1.27628 
1.28849 
1.29932 
1.30878 
1.31684 
1.3235 
1.32875 
1.33259 
1.33501 
1.33602 
1.33562 
1.33381 
1.33061 
1.32601 
1.32004 
1.3127 
1.30402 
1.29401 
1.28269 
1.27008 
1.25621 
1.24111 
1.22479 
1.20731 
1.18867 
1.16893 
1.14811 
1.12626 
1.1034 
1.07959 
1.05487 
1.02927 
1.00284 
0.975639 
0.947701 
0.919078 
0.88982 
0.859978 
0.829604 
0.798749 
0.767467 
0.735812 
0.703838 
0.6716 
0.639152 
0.606551 
0.573852 
0.54111 
0.508382 
0.475723 
0.443189 
0.410834 
0.378713 
0.346882 
0.315393 
0.284299 
0.253653 
0.223507 
0.193911 
0.164915 
0.136567 
0.108914 
0.0820026 
0.0558775 
0.0305818 
0.00615737 
-0.0173557 
-0.0399189 
-0.0614954 
-0.0820501 
-0.10155 
-0.119963 
-0.137261 
-0.153416 
-0.168403 
-0.182198 
-0.194781 
-0.206132 
-0.216235 
-0.225076 
-0.232641 
-0.238922 
-0.243911 
-0.247602 
-0.249992 
-0.251081 
-0.250869 
-0.249361 
-0.246563 
-0.242483 
-0.237132 
-0.230523 
-0.22267 
-0.213591 
-0.203305 
-0.191834 
-0.1792 
-0.16543 
-0.15055 
-0.134589 
-0.117579 
-0.0995524 
-0.0805435 
-0.0605884 
-0.0397247 
-0.0179914 
0.00457091 
0.0279205 
0.0520144 
0.0768083 
0.102257 
0.128314 
0.154933 
0.182065 
0.209661 
0.237673 
0.26605 
0.294742 
0.323698 
0.352867 
0.382199 
0.411641 
0.441142 
0.470651 
0.500117 
0.52949 
0.558718 
0.587751 
0.616541 
0.645038 
0.673193 
0.70096 
0.728291 
0.755142 
0.781466 
0.807221 
0.832363 
0.856852 
0.880647 
0.903709 
0.926001 
0.947486 
0.968131 
0.987902 
1.00677 
1.0247 
1.04167 
1.05765 
1.07261 
1.08654 
1.09941 
1.1112 
1.1219 
1.13149 
1.13996 
1.14729 
1.15348 
1.15852 
1.1624 
1.16512 
1.16668 
1.16707 
1.16631 
1.16439 
1.16133 
1.15712 
1.15178 
1.14533 
1.13777 
1.12912 
1.1194 
1.10863 
1.09683 
1.08402 
1.07023 
1.05548 
1.0398 
1.02322 
1.00577 
0.98749 
0.968403 
0.948548 
0.927962 
0.906681 
0.884745 
0.862193 
0.839066 
0.815406 
0.791254 
0.766656 
0.741653 
0.716292 
0.690618 
0.664676 
0.638512 
0.612174 
0.585707 
0.55916 
0.532578 
0.50601 
0.479502 
0.4531 
0.426852 
0.400804 
0.375002 
0.349491 
0.324315 
0.29952 
0.275149 
0.251244 
0.227846 
0.204998 
0.182738 
0.161106 
0.140139 
0.119873 
0.100343 
0.0815834 
0.0636255 
0.0465004 
0.0302373 
0.0148637 
0.000405485 
-0.013113 
-0.0256692 
-0.0372425 
-0.0478139 
-0.0573664 
-0.0658846 
-0.0733554 
-0.0797673 
-0.0851108 
-0.0893785 
-0.0925649 
-0.0946663 
-0.0956812 
-0.0956101 
-0.0944552 
-0.0922209 
-0.0889135 
-0.0845412 
-0.0791142 
-0.0726444 
-0.0651459 
-0.0566344 
-0.0471273 
-0.0366441 
-0.0252057 
-0.0128349 
0.000443986 
0.0146049 
0.0296205 
0.0454617 
0.0620982 
0.0794982 
0.0976287 
0.116455 
0.135943 
0.156054 
0.176753 
0.197999 
0.219754 
0.241978 
0.264629 
0.287666 
0.311047 
0.334729 
0.358669 
0.382824 
0.40715 
0.431603 
0.456139 
0.480714 
0.505284 
0.529806 
0.554236 
0.578531 
0.602647 
0.626543 
0.650176 
0.673505 
0.696489 
0.719089 
0.741265 
0.762978 
0.784193 
0.804871 
0.824978 
0.84448 
0.863343 
0.881536 
0.899028 
0.915789 
0.931793 
0.947011 
0.96142 
0.974996 
0.987716 
0.999561 
1.01051 
1.02055 
1.02966 
1.03783 
1.04504 
1.05129 
1.05657 
1.06086 
1.06417 
1.06649 
1.06782 
1.06816 
1.06751 
1.06587 
1.06324 
1.05964 
1.05508 
1.04956 
1.04309 
1.03569 
1.02737 
1.01816 
1.00806 
0.997097 
0.985294 
0.972673 
0.959256 
0.945071 
0.930142 
0.914499 
0.89817 
0.881186 
0.863579 
0.84538 
0.826623 
0.807343 
0.787575 
0.767356 
0.746722 
0.725711 
0.704362 
0.682713 
0.660804 
0.638674 
0.616363 
0.593913 
0.571363 
0.548755 
0.52613 
0.503527 
0.480988 
0.458554 
0.436265 
0.414161 
0.392282 
0.370667 
0.349354 
0.328383 
0.30779 
0.287612 
0.267886 
0.248646 
0.229927 
0.211762 
0.194183 
0.177221 
0.160906 
0.145268 
0.130332 
0.116127 
0.102675 
0.0900011 
0.0781267 
0.0670723 
0.0568567 
0.0474973 
0.0390097 
0.0314081 
0.0247049 
0.0189108 
0.014035 
0.0100849 
0.00706598 
0.00498232 
0.00383609 
0.00362777 
0.00435609 
0.00601808 
0.00860903 
0.0121226 
0.0165505 
0.0218832 
0.0281092 
0.0352155 
0.0431873 
0.0520086 
0.0616615 
0.0721268 
0.0833839 
0.0954106 
0.108183 
0.121678 
0.135867 
0.150725 
0.166222 
0.182329 
0.199015 
0.216249 
0.233998 
0.252229 
0.270907 
0.289998 
0.309466 
0.329275 
0.349387 
0.369766 
0.390375 
0.411174 
0.432126 
0.453193 
0.474336 
0.495516 
0.516696 
0.537835 
0.558897 
0.579844 
0.600636 
0.621238 
0.641613 
0.661723 
0.681533 
0.701008 
0.720113 
0.738815 
0.757081 
0.774878 
0.792175 
0.808943 
0.825151 
0.840772 
0.855779 
0.870146 
0.883849 
0.896863 
0.909167 
0.920741 
0.931564 
0.941618 
0.950888 
0.959357 
0.967012 
0.973841 
0.979833 
0.984979 
0.989271 
0.992702 
0.995269 
0.996967 
0.997796 
0.997756 
0.996847 
0.995074 
0.99244 
0.988953 
0.984619 
0.979447 
0.973449 
0.966637 
0.959023 
0.950623 
0.941454 
0.931532 
0.920878 
0.909511 
0.897452 
0.884725 
0.871353 
0.857362 
0.842777 
0.827627 
0.811937 
0.795739 
0.779062 
0.761937 
0.744394 
0.726468 
0.70819 
0.689594 
0.670714 
0.651585 
0.632241 
0.612719 
0.593054 
0.573281 
0.553437 
0.533558 
0.513681 
0.49384 
0.474073 
0.454415 
0.434902 
0.415569 
0.396452 
0.377585 
0.359002 
0.340737 
0.322822 
0.305291 
0.288174 
0.271503 
0.255307 
0.239616 
0.224458 
0.209859 
0.195846 
0.182444 
0.169677 
0.157568 
0.146137 
0.135405 
0.12539 
0.116111 
0.107584 
0.0998221 
0.09284 
0.0866491 
0.0812599 
0.0766811 
0.0729202 
0.069983 
0.0678738 
0.0665954 
0.066149 
0.0665345 
0.0677498 
0.0697917 
0.0726553 
0.0763342 
0.0808205 
0.0861049 
0.0921764 
0.0990229 
0.106631 
0.114985 
0.124068 
0.133864 
0.144353 
0.155515 
0.167328 
0.17977 
0.192816 
0.206443 
0.220624 
0.235333 
0.250542 
0.266222 
0.282344 
0.298878 
0.315792 
0.333056 
0.350638 
0.368504 
0.386622 
0.404959 
0.423481 
0.442153 
0.460942 
0.479813 
0.498732 
0.517665 
0.536577 
0.555433 
0.5742 
0.592844 
0.611332 
0.62963 
0.647705 
0.665525 
0.683059 
0.700275 
0.717143 
0.733632 
0.749715 
0.765361 
0.780545 
0.795239 
0.809418 
0.823058 
0.836134 
0.848623 
0.860506 
0.871761 
0.882369 
0.892312 
0.901573 
0.910137 
0.91799 
0.925119 
0.931512 
0.937159 
0.942051 
0.946181 
0.949542 
0.95213 
0.95394 
0.954973 
0.955225 
0.9547 
0.953397 
0.951322 
0.948479 
0.944875 
0.940517 
0.935413 
0.929575 
0.923014 
0.915743 
0.907775 
0.899127 
0.889815 
0.879857 
0.86927 
0.858076 
0.846295 
0.83395 
0.821063 
0.807658 
0.793761 
0.779396 
0.76459 
0.749372 
0.733767 
0.717806 
0.701518 
0.684932 
0.668079 
0.650989 
0.633694 
0.616225 
0.598613 
0.580892 
0.563093 
0.545249 
0.527391 
0.509552 
0.491765 
0.474062 
0.456474 
0.439033 
0.421771 
0.404719 
0.387907 
0.371366 
0.355125 
0.339214 
0.323661 
0.308494 
0.293739 
0.279424 
0.265574 
0.252212 
0.239363 
0.22705 
0.215295 
0.204117 
0.193536 
0.183572 
0.174241 
0.165559 
0.157542 
0.150203 
0.143554 
0.137607 
0.132371 
0.127855 
0.124066 
0.12101 
0.118692 
0.117114 
0.116279 
0.116186 
0.116835 
0.118223 
0.120348 
0.123203 
0.126782 
0.131078 
0.136081 
0.141782 
0.148169 
0.155229 
0.162948 
0.171311 
0.180302 
0.189903 
0.200095 
0.21086 
0.222176 
0.234022 
0.246376 
0.259214 
0.272511 
0.286244 
0.300386 
0.314911 
0.329791 
0.345 
0.360509 
0.376289 
0.392311 
0.408546 
0.424964 
0.441534 
0.458228 
0.475014 
0.491861 
0.50874 
0.525619 
0.542468 
0.559257 
0.575956 
0.592535 
0.608964 
0.625214 
0.641256 
0.657061 
0.672602 
0.687852 
0.702782 
0.717368 
0.731584 
0.745404 
0.758806 
0.771765 
0.78426 
0.796268 
0.80777 
0.818746 
0.829178 
0.839047 
0.848337 
0.857033 
0.86512 
0.872586 
0.879417 
0.885604 
0.891136 
0.896005 
0.900204 
0.903725 
0.906566 
0.908721 
0.910188 
0.910966 
0.911055 
0.910457 
0.909173 
0.907208 
0.904565 
0.901252 
0.897276 
0.892644 
0.887367 
0.881455 
0.874921 
0.867776 
0.860035 
0.851713 
0.842826 
0.833392 
0.823427 
0.81295 
0.801983 
0.790544 
0.778657 
0.766341 
0.753622 
0.740521 
0.727065 
0.713276 
0.699181 
0.684805 
0.670176 
0.655319 
0.640262 
0.625032 
0.609657 
0.594165 
0.578584 
0.562943 
0.547268 
0.53159 
0.515936 
0.500334 
0.484813 
0.469399 
0.454122 
0.439008 
0.424083 
0.409376 
0.394911 
0.380716 
0.366813 
0.35323 
0.339988 
0.327113 
0.314625 
0.302548 
0.290902 
0.279707 
0.268984 
0.25875 
0.249022 
0.239819 
0.231155 
0.223045 
0.215502 
0.208539 
0.202168 
0.196399 
0.191242 
0.186703 
0.182791 
0.179511 
0.176868 
0.174864 
0.173504 
0.172786 
0.172713 
0.173281 
0.17449 
0.176335 
0.178811 
0.181913 
0.185633 
0.189964 
0.194896 
0.200419 
0.206522 
0.213191 
0.220415 
0.228178 
0.236464 
0.245259 
0.254544 
0.264302 
0.274514 
0.28516 
0.29622 
0.307672 
0.319496 
0.331669 
0.344168 
0.356969 
0.370049 
0.383383 
0.396947 
0.410715 
0.424662 
0.438762 
0.45299 
0.46732 
0.481725 
0.496179 
0.510656 
0.52513 
0.539575 
0.553964 
0.568273 
0.582475 
0.596545 
0.610458 
0.62419 
0.637716 
0.651013 
0.664057 
0.676825 
0.689295 
0.701447 
0.713257 
0.724707 
0.735777 
0.746447 
0.756701 
0.766519 
0.775887 
0.784788 
0.793208 
0.801133 
0.80855 
0.815447 
0.821813 
0.827638 
0.832913 
0.837631 
0.841783 
0.845365 
0.848371 
0.850798 
0.852642 
0.853902 
0.854578 
0.854669 
0.854176 
0.853104 
0.851454 
0.849231 
0.846441 
0.843091 
0.839187 
0.834738 
0.829754 
0.824245 
0.818222 
0.811697 
0.804684 
0.797196 
0.789247 
0.780854 
0.772032 
0.762799 
0.753172 
0.743169 
0.73281 
0.722113 
0.711099 
0.699789 
0.688203 
0.676363 
0.664292 
0.65201 
0.639542 
0.62691 
0.614137 
0.601246 
0.588261 
0.575205 
0.562103 
0.548978 
0.535854 
0.522754 
0.509702 
0.496722 
0.483836 
0.471067 
0.45844 
0.445974 
0.433694 
0.421621 
0.409776 
0.398179 
0.386851 
0.375812 
0.365082 
0.354678 
0.344618 
0.334921 
0.325602 
0.316678 
0.308163 
0.300072 
0.292419 
0.285215 
0.278474 
0.272205 
0.266419 
0.261126 
0.256332 
0.252047 
0.248275 
0.245024 
0.242295 
0.240095 
0.238424 
0.237285 
0.236677 
0.236601 
0.237056 
0.238038 
0.239545 
0.241572 
0.244114 
0.247165 
0.250717 
0.254764 
0.259296 
0.264303 
0.269776 
0.275702 
0.282069 
0.288865 
0.296076 
0.303688 
0.311685 
0.320052 
0.328773 
0.337831 
0.347207 
0.356885 
0.366846 
0.37707 
0.387539 
0.398233 
0.409131 
0.420214 
0.43146 
0.442849 
0.45436 
0.465971 
0.477662 
0.48941 
0.501195 
0.512994 
0.524787 
0.536553 
0.54827 
0.559916 
0.571473 
0.582918 
0.594232 
0.605394 
0.616385 
0.627186 
0.637779 
0.648143 
0.658263 
0.668119 
0.677696 
0.686977 
0.695947 
0.704589 
0.712891 
0.720838 
0.728417 
0.735615 
0.742421 
0.748825 
0.754815 
0.760384 
0.765521 
0.770219 
0.774472 
0.778273 
0.781617 
0.7845 
0.786917 
0.788867 
0.790347 
0.791356 
0.791895 
0.791963 
0.791562 
0.790695 
0.789365 
0.787576 
0.785332 
0.782639 
0.779504 
0.775934 
0.771936 
0.76752 
0.762694 
0.75747 
0.751857 
0.745867 
0.739512 
0.732805 
0.72576 
0.718389 
0.710708 
0.702731 
0.694474 
0.685953 
0.677184 
0.668183 
0.658968 
0.649557 
0.639966 
0.630213 
0.620318 
0.610298 
0.600171 
0.589958 
0.579675 
0.569343 
0.558979 
0.548604 
0.538235 
0.527891 
0.517592 
0.507355 
0.4972 
0.487143 
0.477203 
0.467398 
0.457745 
0.448261 
0.438962 
0.429865 
0.420986 
0.41234 
0.403941 
0.395805 
0.387944 
0.380373 
0.373105 
0.36615 
0.359521 
0.353229 
0.347284 
0.341695 
0.336472 
0.331622 
0.327153 
0.323072 
0.319384 
0.316096 
0.313211 
0.310734 
0.308667 
0.307012 
0.305772 
0.304946 
0.304535 
0.304538 
0.304953 
0.305778 
0.307011 
0.308646 
0.31068 
0.313108 
0.315923 
0.319118 
0.322688 
0.326623 
0.330915 
0.335554 
0.340532 
0.345837 
0.351459 
0.357385 
0.363605 
0.370105 
0.376873 
0.383896 
0.391158 
0.398647 
0.406347 
0.414244 
0.422322 
0.430567 
0.438962 
0.447491 
0.456139 
0.464888 
0.473724 
0.482629 
0.491587 
0.500581 
0.509595 
0.518612 
0.527616 
0.536591 
0.54552 
0.554388 
0.563177 
0.571874 
0.580462 
0.588926 
0.597252 
0.605424 
0.613429 
0.621252 
0.628881 
0.636303 
0.643503 
0.650472 
0.657196 
0.663665 
0.669868 
0.675796 
0.681437 
0.686784 
0.691828 
0.696561 
0.700975 
0.705065 
0.708824 
0.712247 
0.715329 
0.718066 
0.720455 
0.722492 
0.724176 
0.725504 
0.726477 
0.727094 
0.727355 
0.727262 
0.726816 
0.726019 
0.724876 
0.723388 
0.721561 
0.719399 
0.716908 
0.714093 
0.710962 
0.707521 
0.703778 
0.699742 
0.69542 
0.690822 
0.685957 
0.680837 
0.67547 
0.669868 
0.664043 
0.658005 
0.651768 
0.645342 
0.638742 
0.631979 
0.625066 
0.618018 
0.610847 
0.603567 
0.596192 
0.588736 
0.581213 
0.573637 
0.566022 
0.558382 
0.550732 
0.543085 
0.535455 
0.527857 
0.520305 
0.512811 
0.505389 
0.498053 
0.490816 
0.48369 
0.476689 
0.469824 
0.463108 
0.456552 
0.450167 
0.443965 
0.437957 
0.432151 
0.426559 
0.421189 
0.416051 
0.411152 
0.406501 
0.402106 
0.397972 
0.394107 
0.390516 
0.387205 
0.384179 
0.381441 
0.378996 
0.376847 
0.374996 
0.373446 
0.372198 
0.371252 
0.370609 
0.37027 
0.370232 
0.370495 
0.371057 
0.371916 
0.373068 
0.374509 
0.376237 
0.378246 
0.380531 
0.383086 
0.385907 
0.388985 
0.392315 
0.395889 
0.399699 
0.403737 
0.407994 
0.412462 
0.41713 
0.421991 
0.427032 
0.432246 
0.43762 
0.443144 
0.448807 
0.454598 
0.460506 
0.46652 
0.472626 
0.478815 
0.485073 
0.49139 
0.497752 
0.504148 
0.510567 
0.516995 
0.523421 
0.529834 
0.536221 
0.54257 
0.548871 
0.555112 
0.561281 
0.567367 
0.573361 
0.57925 
0.585024 
0.590675 
0.596191 
0.601563 
0.606782 
0.61184 
0.616727 
0.621435 
0.625958 
0.630286 
0.634414 
0.638334 
0.642041 
0.645529 
0.648792 
0.651825 
0.654625 
0.657187 
0.659508 
0.661584 
0.663414 
0.664994 
0.666324 
0.667402 
0.668228 
0.668801 
0.669122 
0.669191 
0.66901 
0.66858 
0.667904 
0.666983 
0.665822 
0.664422 
0.66279 
0.660927 
0.65884 
0.656533 
0.654012 
0.651283 
0.648352 
0.645224 
0.641909 
0.638411 
0.63474 
0.630902 
0.626906 
0.622759 
0.618472 
0.614052 
0.609508 
0.60485 
0.600086 
0.595227 
0.590281 
0.585259 
0.580171 
0.575026 
0.569834 
0.564605 
0.559349 
0.554077 
0.548797 
0.543521 
0.538258 
0.533017 
0.527809 
0.522643 
0.517529 
0.512476 
0.507492 
0.502588 
0.497772 
0.493052 
0.488437 
0.483935 
0.479553 
0.475301 
0.471184 
0.467209 
0.463385 
0.459716 
0.456209 
0.45287 
0.449704 
0.446716 
0.443911 
0.441293 
0.438866 
0.436634 
0.4346 
0.432766 
0.431136 
0.42971 
0.42849 
0.427479 
0.426675 
0.426081 
0.425696 
0.425519 
0.425549 
0.425786 
0.426228 
0.426873 
0.427718 
0.428761 
0.429999 
0.431429 
0.433045 
0.434846 
0.436825 
0.438979 
0.441302 
0.443789 
0.446435 
0.449232 
0.452176 
0.45526 
0.458477 
0.461821 
0.465284 
0.468858 
0.472538 
0.476314 
0.48018 
0.484128 
0.488149 
0.492236 
0.496379 
0.500573 
0.504807 
0.509073 
0.513365 
0.517672 
0.521987 
0.526301 
0.530607 
0.534896 
0.539161 
0.543392 
0.547583 
0.551725 
0.555812 
0.559835 
0.563787 
0.567661 
0.571451 
0.575149 
0.578749 
0.582244 
0.58563 
0.588899 
0.592046 
0.595067 
0.597955 
0.600707 
0.603318 
0.605783 
0.608099 
0.610262 
0.612269 
0.614117 
0.615804 
0.617327 
0.618685 
0.619875 
0.620896 
0.621748 
0.62243 
0.622941 
0.623282 
0.623452 
0.623453 
0.623286 
0.622952 
0.622452 
0.621789 
0.620964 
0.619981 
0.618841 
0.617549 
0.616108 
