2.66289e-14 
0 
0 
0 
0 
0 
-2.66289e-14 
-2.66289e-14 
-2.66289e-14 
-2.66289e-14 
0 
0 
0 
0 
0 
0 
0 
0 
0 
0 
0 
0 
0 
0 
0 
0 
0 
0 
0 
0 
0 
0 
0 
0 
0 
0 
0 
0 
0 
0 
0 
0 
0 
0 
0 
0 
0 
0 
0 
0 
0 
0 
0 
0 
0 
0 
0 
0 
0 
0 
0 
0 
0 
0 
0 
0 
0 
0 
0 
0 
0 
0 
0 
0 
0 
-2.66289e-14 
0 
-2.66289e-14 
0 
0 
0 
0 
0 
0 
0 
0 
0 
0 
-2.66289e-14 
-2.66289e-14 
0 
0 
0 
0 
0 
0 
0 
-2.66289e-14 
-2.66289e-14 
-2.66289e-14 
-2.66289e-14 
-2.66289e-14 
-2.66289e-14 
-2.66289e-14 
-2.66289e-14 
-2.66289e-14 
-2.66289e-14 
-2.66289e-14 
-2.66289e-14 
0 
0 
-2.66289e-14 
-2.66289e-14 
-2.66289e-14 
-2.66289e-14 
-2.66289e-14 
0 
0 
0 
-2.66289e-14 
-2.66289e-14 
-2.66289e-14 
-2.66289e-14 
0 
0 
-2.66289e-14 
-5.32579e-14 
-2.66289e-14 
-2.66289e-14 
-2.66289e-14 
-5.32579e-14 
-5.32579e-14 
-5.32579e-14 
-2.66289e-14 
0 
2.66289e-14 
7.98868e-14 
1.06516e-13 
1.59774e-13 
1.86402e-13 
1.86402e-13 
2.3966e-13 
3.19547e-13 
3.99434e-13 
5.0595e-13 
5.85836e-13 
6.92352e-13 
8.25497e-13 
9.58641e-13 
1.11841e-12 
1.27819e-12 
1.46459e-12 
1.67762e-12 
1.91728e-12 
2.15694e-12 
2.47649e-12 
2.82267e-12 
3.19547e-12 
3.62153e-12 
4.0476e-12 
4.55355e-12 
5.11275e-12 
5.75185e-12 
6.4442e-12 
7.24307e-12 
8.12182e-12 
9.05384e-12 
1.00924e-11 
1.1264e-11 
1.25422e-11 
1.39536e-11 
1.54714e-11 
1.72023e-11 
1.90929e-11 
2.11434e-11 
2.34068e-11 
2.59366e-11 
2.8706e-11 
3.17417e-11 
3.50703e-11 
3.87451e-11 
4.27927e-11 
4.72131e-11 
5.20596e-11 
5.73587e-11 
6.32171e-11 
6.9608e-11 
7.66381e-11 
8.43338e-11 
9.27219e-11 
1.01936e-10 
1.12001e-10 
1.22972e-10 
1.35009e-10 
1.4819e-10 
1.62543e-10 
1.78254e-10 
1.95376e-10 
2.1407e-10 
2.34441e-10 
2.5665e-10 
2.80829e-10 
3.07218e-10 
3.35924e-10 
3.6724e-10 
4.01271e-10 
4.38312e-10 
4.78575e-10 
5.2238e-10 
5.69992e-10 
6.21732e-10 
6.77919e-10 
7.38926e-10 
8.05179e-10 
8.7705e-10 
9.54993e-10 
1.03954e-09 
1.13117e-09 
1.23044e-09 
1.33805e-09 
1.45453e-09 
1.58064e-09 
1.71719e-09 
1.86485e-09 
2.02462e-09 
2.19737e-09 
2.38409e-09 
2.58588e-09 
2.80392e-09 
3.03937e-09 
3.29357e-09 
3.56801e-09 
3.86412e-09 
4.18354e-09 
4.52801e-09 
4.89943e-09 
5.29972e-09 
5.73102e-09 
6.19565e-09 
6.696e-09 
7.23468e-09 
7.81442e-09 
8.43825e-09 
9.1093e-09 
9.83095e-09 
1.06068e-08 
1.14406e-08 
1.23366e-08 
1.3299e-08 
1.43327e-08 
1.54424e-08 
1.66335e-08 
1.79117e-08 
1.9283e-08 
2.07537e-08 
2.23306e-08 
2.4021e-08 
2.58326e-08 
2.77735e-08 
2.98525e-08 
3.20788e-08 
3.44623e-08 
3.70134e-08 
3.97431e-08 
4.26634e-08 
4.57867e-08 
4.91263e-08 
5.26964e-08 
5.65118e-08 
6.05884e-08 
6.49431e-08 
6.95938e-08 
7.45593e-08 
7.98598e-08 
8.55163e-08 
9.15515e-08 
9.79891e-08 
1.04854e-07 
1.12174e-07 
1.19977e-07 
1.28292e-07 
1.37151e-07 
1.46588e-07 
1.56637e-07 
1.67338e-07 
1.78728e-07 
1.9085e-07 
2.03747e-07 
2.17467e-07 
2.32058e-07 
2.47573e-07 
2.64066e-07 
2.81595e-07 
3.00221e-07 
3.20009e-07 
3.41025e-07 
3.63343e-07 
3.87036e-07 
4.12186e-07 
4.38874e-07 
4.6719e-07 
4.97226e-07 
5.29081e-07 
5.62856e-07 
5.98661e-07 
6.36609e-07 
6.76821e-07 
7.19422e-07 
7.64546e-07 
8.12331e-07 
8.62924e-07 
9.1648e-07 
9.7316e-07 
1.03313e-06 
1.09658e-06 
1.16369e-06 
1.23466e-06 
1.30969e-06 
1.389e-06 
1.47282e-06 
1.56139e-06 
1.65495e-06 
1.75378e-06 
1.85814e-06 
1.96833e-06 
2.08465e-06 
2.2074e-06 
2.33694e-06 
2.4736e-06 
2.61775e-06 
2.76976e-06 
2.93005e-06 
3.09902e-06 
3.27711e-06 
3.46479e-06 
3.66252e-06 
3.8708e-06 
4.09017e-06 
4.32117e-06 
4.56436e-06 
4.82035e-06 
5.08976e-06 
5.37323e-06 
5.67145e-06 
5.98513e-06 
6.31501e-06 
6.66187e-06 
7.0265e-06 
7.40976e-06 
7.81251e-06 
8.23569e-06 
8.68023e-06 
9.14714e-06 
9.63746e-06 
1.01523e-05 
1.06927e-05 
1.12599e-05 
1.18551e-05 
1.24796e-05 
1.31347e-05 
1.38218e-05 
1.45423e-05 
1.52978e-05 
1.60897e-05 
1.69197e-05 
1.77895e-05 
1.87008e-05 
1.96554e-05 
2.06553e-05 
2.17024e-05 
2.27987e-05 
2.39463e-05 
2.51475e-05 
2.64046e-05 
2.77198e-05 
2.90958e-05 
3.0535e-05 
3.204e-05 
3.36138e-05 
3.5259e-05 
3.69786e-05 
3.87758e-05 
4.06537e-05 
4.26156e-05 
4.4665e-05 
4.68053e-05 
4.90403e-05 
5.13737e-05 
5.38095e-05 
5.63518e-05 
5.90047e-05 
6.17727e-05 
6.46602e-05 
6.7672e-05 
7.08129e-05 
7.40878e-05 
7.7502e-05 
8.10609e-05 
8.47698e-05 
8.86346e-05 
9.26611e-05 
9.68555e-05 
0.000101224 
0.000105773 
0.00011051 
0.00011544 
0.000120573 
0.000125914 
0.000131471 
0.000137253 
0.000143268 
0.000149523 
0.000156027 
0.00016279 
0.00016982 
0.000177127 
0.000184721 
0.000192611 
0.000200808 
0.000209323 
0.000218166 
0.000227349 
0.000236883 
0.00024678 
0.000257053 
0.000267714 
0.000278775 
0.000290251 
0.000302155 
0.000314501 
0.000327303 
0.000340577 
0.000354337 
0.000368599 
0.00038338 
0.000398695 
0.000414562 
0.000430998 
0.000448021 
0.000465649 
0.000483901 
0.000502796 
0.000522354 
0.000542595 
0.000563539 
0.000585209 
0.000607624 
0.000630809 
0.000654785 
0.000679575 
0.000705204 
0.000731696 
0.000759076 
0.000787369 
0.000816601 
0.000846799 
0.000877991 
0.000910203 
0.000943465 
0.000977805 
0.00101325 
0.00104984 
0.0010876 
0.00112655 
0.00116674 
0.0012082 
0.00125095 
0.00129504 
0.00134049 
0.00138735 
0.00143565 
0.00148542 
0.0015367 
0.00158954 
0.00164397 
0.00170003 
0.00175775 
0.00181719 
0.00187838 
0.00194136 
0.00200618 
0.00207288 
0.0021415 
0.0022121 
0.0022847 
0.00235937 
0.00243615 
0.00251508 
0.00259621 
0.0026796 
0.00276529 
0.00285333 
0.00294377 
0.00303667 
0.00313207 
0.00323003 
0.00333061 
0.00343385 
0.00353981 
0.00364854 
0.0037601 
0.00387456 
0.00399195 
0.00411234 
0.00423579 
0.00436236 
0.0044921 
0.00462507 
0.00476134 
0.00490096 
0.00504399 
0.00519049 
0.00534052 
0.00549415 
0.00565144 
0.00581244 
0.00597721 
0.00614583 
0.00631835 
0.00649484 
0.00667535 
0.00685995 
0.0070487 
0.00724166 
0.00743889 
0.00764047 
0.00784644 
0.00805687 
0.00827182 
0.00849136 
0.00871553 
0.00894441 
0.00917805 
0.00941652 
0.00965986 
0.00990815 
0.0101614 
0.0104198 
0.0106832 
0.0109518 
0.0112256 
0.0115047 
0.0117891 
0.0120789 
0.0123741 
0.0126748 
0.012981 
0.0132928 
0.0136102 
0.0139332 
0.014262 
0.0145964 
0.0149367 
0.0152827 
0.0156346 
0.0159924 
0.0163561 
0.0167257 
0.0171013 
0.0174828 
0.0178704 
0.018264 
0.0186636 
0.0190693 
0.019481 
0.0198988 
0.0203227 
0.0207527 
0.0211887 
0.0216308 
0.022079 
0.0225332 
0.0229935 
0.0234598 
0.0239321 
0.0244103 
0.0248945 
0.0253846 
0.0258806 
0.0263824 
0.02689 
0.0274033 
0.0279223 
0.0284468 
0.028977 
0.0295126 
0.0300536 
0.0306 
0.0311516 
0.0317084 
0.0322702 
0.0328369 
0.0334086 
0.0339849 
0.0345659 
0.0351514 
0.0357413 
0.0363354 
0.0369336 
0.0375357 
0.0381417 
0.0387513 
0.0393644 
0.0399808 
0.0406003 
0.0412228 
0.041848 
0.0424758 
0.043106 
0.0437383 
0.0443725 
0.0450085 
0.0456459 
0.0462845 
0.0469242 
0.0475646 
0.0482055 
0.0488465 
0.0494876 
0.0501283 
0.0507684 
0.0514075 
0.0520455 
0.0526819 
0.0533165 
0.0539489 
0.0545788 
0.0552059 
0.0558299 
0.0564503 
0.0570668 
0.0576791 
0.0582867 
0.0588894 
0.0594866 
0.0600781 
0.0606634 
0.0612422 
0.0618139 
0.0623783 
0.0629348 
0.063483 
0.0640225 
0.0645529 
0.0650736 
0.0655843 
0.0660845 
0.0665737 
0.0670515 
0.0675173 
0.0679707 
0.0684111 
0.0688382 
0.0692514 
0.0696502 
0.0700341 
0.0704026 
0.0707552 
0.0710913 
0.0714104 
0.0717121 
0.0719958 
0.0722609 
0.0725069 
0.0727333 
0.0729396 
0.0731253 
0.0732896 
0.0734323 
0.0735526 
0.0736501 
0.0737243 
0.0737745 
0.0738002 
0.073801 
0.0737762 
0.0737253 
0.0736479 
0.0735433 
0.073411 
0.0732505 
0.0730614 
0.0728429 
0.0725948 
0.0723163 
0.0720071 
0.0716666 
0.0712944 
0.0708899 
0.0704527 
0.0699822 
0.069478 
0.0689398 
0.0683669 
0.0677589 
0.0671155 
0.0664362 
0.0657206 
0.0649682 
0.0641787 
0.0633518 
0.0624869 
0.0615838 
0.0606421 
0.0596615 
0.0586416 
0.0575822 
0.0564829 
0.0553436 
0.0541638 
0.0529434 
0.0516821 
0.0503797 
0.049036 
0.0476509 
0.0462241 
0.0447556 
0.0432451 
0.0416926 
0.040098 
0.0384612 
0.0367822 
0.0350609 
0.0332973 
0.0314914 
0.0296433 
0.027753 
0.0258207 
0.0238463 
0.02183 
0.0197719 
0.0176723 
0.0155313 
0.0133491 
0.0111259 
0.00886212 
0.00655791 
0.00421361 
0.00182956 
-0.000593873 
-0.00305631 
-0.00555733 
-0.00809651 
-0.0106734 
-0.0132874 
-0.0159382 
-0.0186251 
-0.0213476 
-0.0241051 
-0.0268969 
-0.0297225 
-0.0325811 
-0.0354721 
-0.0383948 
-0.0413483 
-0.044332 
-0.0473449 
-0.0503864 
-0.0534555 
-0.0565513 
-0.0596731 
-0.0628197 
-0.0659904 
-0.0691841 
-0.0723997 
-0.0756364 
-0.078893 
-0.0821685 
-0.0854618 
-0.0887718 
-0.0920973 
-0.0954372 
-0.0987902 
-0.102155 
-0.105531 
-0.108917 
-0.11231 
-0.115711 
-0.119117 
-0.122528 
-0.125942 
-0.129357 
-0.132773 
-0.136188 
-0.1396 
-0.143009 
-0.146412 
-0.149809 
-0.153198 
-0.156577 
-0.159945 
-0.1633 
-0.166642 
-0.169968 
-0.173277 
-0.176568 
-0.179839 
-0.183089 
-0.186315 
-0.189517 
-0.192693 
-0.195842 
-0.198962 
-0.202051 
-0.205108 
-0.208132 
-0.211121 
-0.214073 
-0.216988 
-0.219863 
-0.222697 
-0.225489 
-0.228238 
-0.230941 
-0.233598 
-0.236206 
-0.238766 
-0.241275 
-0.243731 
-0.246135 
-0.248483 
-0.250776 
-0.253012 
-0.255189 
-0.257307 
-0.259364 
-0.261359 
-0.263291 
-0.265158 
-0.266961 
-0.268697 
-0.270366 
-0.271966 
-0.273498 
-0.274959 
-0.276349 
-0.277668 
-0.278914 
-0.280087 
-0.281185 
-0.282209 
-0.283157 
-0.28403 
-0.284826 
-0.285545 
-0.286186 
-0.28675 
-0.287235 
-0.287642 
-0.28797 
-0.288218 
-0.288388 
-0.288478 
-0.288488 
-0.288419 
-0.28827 
-0.288042 
-0.287735 
-0.287348 
-0.286882 
-0.286338 
-0.285715 
-0.285014 
-0.284235 
-0.283379 
-0.282447 
-0.281438 
-0.280354 
-0.279195 
-0.277962 
-0.276656 
-0.275278 
-0.273827 
-0.272307 
-0.270716 
-0.269057 
-0.26733 
-0.265537 
-0.263679 
-0.261756 
-0.259771 
-0.257724 
-0.255618 
-0.253452 
-0.25123 
-0.248951 
-0.246618 
-0.244233 
-0.241797 
-0.239311 
-0.236778 
-0.234199 
-0.231575 
-0.22891 
-0.226203 
-0.223458 
-0.220677 
-0.21786 
-0.215011 
-0.212131 
-0.209222 
-0.206286 
-0.203325 
-0.200342 
-0.197339 
-0.194316 
-0.191278 
-0.188226 
-0.185161 
-0.182087 
-0.179006 
-0.175919 
-0.172828 
-0.169737 
-0.166648 
-0.163562 
-0.160481 
-0.157409 
-0.154347 
-0.151297 
-0.148263 
-0.145244 
-0.142246 
-0.139268 
-0.136314 
-0.133385 
-0.130484 
-0.127613 
-0.124774 
-0.121969 
-0.1192 
-0.116469 
-0.113778 
-0.11113 
-0.108525 
-0.105966 
-0.103455 
-0.100994 
-0.0985845 
-0.0962279 
-0.0939263 
-0.0916813 
-0.0894945 
-0.0873675 
-0.0853019 
-0.0832992 
-0.0813608 
-0.0794881 
-0.0776824 
-0.0759451 
-0.0742773 
-0.0726802 
-0.0711551 
-0.0697028 
-0.0683245 
-0.067021 
-0.0657933 
-0.0646421 
-0.0635683 
-0.0625725 
-0.0616553 
-0.0608173 
-0.060059 
-0.0593809 
-0.0587832 
-0.0582663 
-0.0578305 
-0.0574758 
-0.0572023 
-0.0570102 
-0.0568993 
-0.0568695 
-0.0569206 
-0.0570525 
-0.0572646 
-0.0575568 
-0.0579284 
-0.0583791 
-0.0589081 
-0.0595148 
-0.0601985 
-0.0609584 
-0.0617936 
-0.0627032 
-0.0636862 
-0.0647415 
-0.065868 
-0.0670645 
-0.0683298 
-0.0696626 
-0.0710615 
-0.0725251 
-0.0740518 
-0.0756403 
-0.0772888 
-0.0789957 
-0.0807594 
-0.082578 
-0.0844499 
-0.0863731 
-0.0883458 
-0.090366 
-0.0924318 
-0.0945412 
-0.096692 
-0.0988823 
-0.10111 
-0.103373 
-0.105668 
-0.107995 
-0.11035 
-0.112731 
-0.115136 
-0.117563 
-0.120009 
-0.122472 
-0.12495 
-0.12744 
-0.129939 
-0.132447 
-0.134959 
-0.137474 
-0.13999 
-0.142503 
-0.145012 
-0.147515 
-0.150008 
-0.152489 
-0.154957 
-0.157408 
-0.159841 
-0.162253 
-0.164642 
-0.167005 
-0.169341 
-0.171647 
-0.173922 
-0.176162 
-0.178366 
-0.180532 
-0.182658 
-0.184742 
-0.186781 
-0.188775 
-0.190721 
-0.192618 
-0.194463 
-0.196255 
-0.197993 
-0.199674 
-0.201298 
-0.202863 
-0.204367 
-0.205809 
-0.207188 
-0.208503 
-0.209753 
-0.210936 
-0.212052 
-0.213099 
-0.214077 
-0.214985 
-0.215822 
-0.216588 
-0.217282 
-0.217903 
-0.218452 
-0.218927 
-0.219329 
-0.219657 
-0.219911 
-0.220092 
-0.220198 
-0.220231 
-0.220191 
-0.220077 
-0.21989 
-0.219631 
-0.2193 
-0.218898 
-0.218425 
-0.217881 
-0.217269 
-0.216587 
-0.215839 
-0.215024 
-0.214143 
-0.213198 
-0.21219 
-0.21112 
-0.20999 
-0.2088 
-0.207553 
-0.206249 
-0.204891 
-0.20348 
-0.202017 
-0.200505 
-0.198945 
-0.197339 
-0.195688 
-0.193996 
-0.192263 
-0.190492 
-0.188684 
-0.186843 
-0.184969 
-0.183065 
-0.181133 
-0.179176 
-0.177196 
-0.175194 
-0.173173 
-0.171136 
-0.169085 
-0.167021 
-0.164948 
-0.162867 
-0.160781 
-0.158693 
-0.156604 
-0.154516 
-0.152433 
-0.150357 
-0.148289 
-0.146233 
-0.144189 
-0.142162 
-0.140152 
-0.138162 
-0.136194 
-0.134251 
-0.132334 
-0.130446 
-0.128588 
-0.126763 
-0.124972 
-0.123218 
-0.121502 
-0.119827 
-0.118194 
-0.116604 
-0.11506 
-0.113563 
-0.112115 
-0.110717 
-0.109371 
-0.108078 
-0.106839 
-0.105656 
-0.10453 
-0.103463 
-0.102454 
-0.101506 
-0.100619 
-0.0997935 
-0.0990313 
-0.0983327 
-0.0976983 
-0.0971288 
-0.0966246 
-0.0961862 
-0.095814 
-0.0955082 
-0.095269 
-0.0950967 
-0.0949911 
-0.0949523 
-0.0949803 
-0.0950748 
-0.0952356 
-0.0954624 
-0.0957547 
-0.0961122 
-0.0965341 
-0.0970201 
-0.0975692 
-0.0981808 
-0.0988541 
-0.099588 
-0.100382 
-0.101234 
-0.102144 
-0.103111 
-0.104132 
-0.105208 
-0.106336 
-0.107515 
-0.108744 
-0.110021 
-0.111345 
-0.112713 
-0.114125 
-0.115578 
-0.117071 
-0.118602 
-0.120169 
-0.12177 
-0.123403 
-0.125067 
-0.126759 
-0.128477 
-0.130219 
-0.131983 
-0.133767 
-0.135569 
-0.137387 
-0.139218 
-0.141061 
-0.142913 
-0.144772 
-0.146635 
-0.148501 
-0.150368 
-0.152233 
-0.154094 
-0.155949 
-0.157796 
-0.159632 
-0.161456 
-0.163265 
-0.165057 
-0.166831 
-0.168583 
-0.170313 
-0.172018 
-0.173696 
-0.175346 
-0.176964 
-0.178551 
-0.180103 
-0.181619 
-0.183098 
-0.184537 
-0.185935 
-0.187291 
-0.188603 
-0.18987 
-0.191089 
-0.192261 
-0.193383 
-0.194455 
-0.195474 
-0.196441 
-0.197355 
-0.198213 
-0.199016 
-0.199762 
-0.200451 
-0.201083 
-0.201656 
-0.202169 
-0.202624 
-0.203019 
-0.203353 
-0.203628 
-0.203841 
-0.203995 
-0.204087 
-0.204119 
-0.204091 
-0.204003 
-0.203854 
-0.203646 
-0.203379 
-0.203054 
-0.20267 
-0.202229 
-0.201731 
-0.201177 
-0.200568 
-0.199905 
-0.199188 
-0.19842 
-0.1976 
-0.19673 
-0.195812 
-0.194846 
-0.193834 
-0.192777 
-0.191676 
-0.190534 
-0.189351 
-0.18813 
-0.186871 
-0.185577 
-0.184249 
-0.182888 
-0.181498 
-0.180078 
-0.178632 
-0.177162 
-0.175668 
-0.174153 
-0.172618 
-0.171067 
-0.1695 
-0.16792 
-0.166328 
-0.164728 
-0.163119 
-0.161506 
-0.159889 
-0.158271 
-0.156653 
-0.155038 
-0.153428 
-0.151824 
-0.150229 
-0.148644 
-0.147072 
-0.145514 
-0.143972 
-0.142447 
-0.140943 
-0.139461 
-0.138001 
-0.136567 
-0.13516 
-0.133781 
-0.132431 
-0.131114 
-0.129829 
-0.128579 
-0.127365 
-0.126189 
-0.125051 
-0.123952 
-0.122895 
-0.12188 
-0.120909 
-0.119982 
-0.1191 
-0.118265 
-0.117476 
-0.116736 
-0.116044 
-0.115401 
-0.114809 
-0.114267 
-0.113775 
-0.113335 
-0.112947 
-0.11261 
-0.112326 
-0.112094 
-0.111914 
-0.111786 
-0.11171 
-0.111687 
-0.111715 
-0.111795 
-0.111926 
-0.112107 
-0.112339 
-0.112621 
-0.112952 
-0.113332 
-0.113759 
-0.114234 
-0.114754 
-0.11532 
-0.11593 
-0.116584 
-0.117279 
-0.118016 
-0.118793 
-0.119609 
-0.120462 
-0.121352 
-0.122276 
-0.123234 
-0.124224 
-0.125245 
-0.126294 
-0.127372 
-0.128475 
-0.129603 
-0.130754 
-0.131926 
-0.133117 
-0.134326 
-0.135552 
-0.136791 
-0.138044 
-0.139308 
-0.14058 
-0.141861 
-0.143147 
-0.144437 
-0.145729 
-0.147022 
-0.148313 
-0.149601 
-0.150885 
-0.152162 
-0.153431 
-0.15469 
-0.155938 
-0.157172 
-0.158392 
-0.159595 
-0.16078 
-0.161946 
-0.163091 
-0.164214 
-0.165312 
-0.166385 
-0.167432 
-0.16845 
-0.16944 
-0.170399 
-0.171326 
-0.17222 
-0.17308 
-0.173906 
-0.174695 
-0.175448 
-0.176163 
-0.176839 
-0.177476 
-0.178072 
-0.178628 
-0.179143 
-0.179616 
-0.180046 
-0.180433 
-0.180777 
-0.181078 
-0.181334 
-0.181547 
-0.181716 
-0.18184 
-0.18192 
-0.181956 
-0.181949 
-0.181897 
-0.181801 
-0.181663 
-0.181481 
-0.181256 
-0.18099 
-0.180682 
-0.180333 
-0.179943 
-0.179514 
-0.179045 
-0.178539 
-0.177995 
-0.177414 
-0.176798 
-0.176147 
-0.175463 
-0.174746 
-0.173998 
-0.173219 
-0.172411 
-0.171576 
-0.170713 
-0.169825 
-0.168914 
-0.167979 
-0.167023 
-0.166047 
-0.165053 
-0.164041 
-0.163013 
-0.161972 
-0.160918 
-0.159852 
-0.158777 
-0.157693 
-0.156603 
-0.155507 
-0.154408 
-0.153307 
-0.152205 
-0.151104 
-0.150006 
-0.148912 
-0.147823 
-0.146741 
-0.145667 
-0.144603 
-0.143551 
-0.142511 
-0.141485 
-0.140475 
-0.139482 
-0.138507 
-0.137552 
-0.136617 
-0.135704 
-0.134815 
-0.13395 
-0.13311 
-0.132297 
-0.131511 
-0.130755 
-0.130028 
-0.129331 
-0.128666 
-0.128033 
-0.127433 
-0.126867 
-0.126336 
-0.12584 
-0.125379 
-0.124955 
-0.124568 
-0.124218 
-0.123906 
-0.123632 
-0.123396 
-0.123198 
-0.123039 
-0.122919 
-0.122838 
-0.122796 
-0.122793 
-0.122828 
-0.122902 
-0.123015 
-0.123165 
-0.123353 
-0.123579 
-0.123841 
-0.124141 
-0.124476 
-0.124846 
-0.125251 
-0.12569 
-0.126162 
-0.126667 
-0.127203 
-0.12777 
-0.128366 
-0.128992 
-0.129645 
-0.130324 
-0.131029 
-0.131759 
-0.132512 
-0.133286 
-0.134081 
-0.134895 
-0.135727 
-0.136576 
-0.13744 
-0.138317 
-0.139207 
-0.140107 
-0.141017 
-0.141934 
-0.142857 
-0.143785 
-0.144715 
-0.145647 
-0.146578 
-0.147508 
-0.148433 
-0.149354 
-0.150267 
-0.151172 
-0.152066 
-0.152948 
-0.153817 
-0.15467 
-0.155507 
-0.156325 
-0.157122 
-0.157898 
-0.15865 
-0.159377 
-0.160077 
-0.160749 
-0.161391 
-0.162001 
-0.162579 
-0.163122 
-0.16363 
-0.1641 
-0.164532 
-0.164923 
-0.165273 
-0.165581 
-0.165844 
-0.166063 
-0.166235 
-0.16636 
-0.166436 
-0.166463 
-0.16644 
-0.166365 
-0.166237 
-0.166057 
-0.165823 
-0.165535 
-0.165192 
-0.164793 
-0.164338 
-0.163827 
-0.16326 
-0.162636 
-0.161956 
-0.161218 
-0.160425 
-0.159575 
-0.158669 
-0.157707 
-0.156691 
-0.155621 
-0.154498 
-0.153322 
-0.152095 
-0.150819 
-0.149494 
-0.148123 
-0.146706 
-0.145246 
-0.143745 
-0.142206 
-0.140629 
-0.139019 
-0.137378 
-0.135709 
-0.134014 
-0.132298 
-0.130563 
-0.128814 
-0.127054 
-0.125287 
-0.123518 
-0.12175 
-0.11999 
-0.11824 
-0.116507 
-0.114795 
-0.11311 
-0.111457 
-0.109842 
-0.108271 
-0.10675 
-0.105284 
-0.103881 
-0.102547 
-0.101289 
-0.100112 
-0.0990249 
-0.0980336 
-0.0971455 
-0.0963677 
-0.0957078 
-0.0951729 
-0.0947706 
-0.0945085 
-0.0943941 
-0.0944351 
-0.0946392 
-0.095014 
-0.0955672 
-0.0963066 
-0.0972398 
-0.0983745 
-0.0997183 
-0.101279 
-0.103063 
-0.105079 
-0.107334 
-0.109834 
-0.112588 
-0.115601 
-0.11888 
-0.122432 
-0.126264 
-0.13038 
-0.134786 
-0.139489 
-0.144492 
-0.149802 
-0.155421 
-0.161354 
-0.167604 
-0.174174 
-0.181066 
-0.188283 
-0.195825 
-0.203694 
-0.211888 
-0.220407 
-0.229249 
-0.238412 
-0.247892 
-0.257684 
-0.267785 
-0.278186 
-0.288881 
-0.29986 
-0.311114 
-0.322631 
-0.334398 
-0.346402 
-0.358627 
-0.371056 
-0.383669 
-0.396446 
-0.409366 
-0.422403 
-0.435532 
-0.448725 
-0.461952 
-0.47518 
-0.488377 
-0.501504 
-0.514525 
-0.527398 
-0.54008 
-0.552526 
-0.564688 
-0.576517 
-0.587959 
-0.59896 
-0.609463 
-0.619408 
-0.628734 
-0.637376 
-0.645268 
-0.652342 
-0.658527 
-0.663749 
-0.667935 
-0.671007 
-0.672887 
-0.673495 
-0.672749 
-0.670565 
-0.66686 
-0.661548 
-0.654542 
-0.645755 
-0.6351 
-0.622488 
-0.607831 
-0.591041 
-0.57203 
-0.550712 
-0.527 
-0.500808 
-0.472053 
-0.440653 
-0.406527 
-0.369598 
-0.32979 
-0.28703 
-0.24125 
-0.192382 
-0.140365 
-0.0851395 
-0.026652 
0.0351474 
0.100303 
0.168856 
0.240839 
0.316281 
0.395206 
0.47763 
0.563563 
0.653009 
0.745966 
0.842424 
0.942365 
1.04577 
1.1526 
1.26282 
1.37638 
1.49324 
1.61332 
1.73657 
1.8629 
1.99223 
2.12446 
2.25951 
2.39725 
2.53759 
2.68039 
2.82553 
2.97287 
3.12228 
3.2736 
3.42668 
3.58137 
3.73748 
3.89487 
4.05334 
4.21272 
4.37282 
4.53345 
4.69443 
4.85554 
5.01661 
5.17741 
5.33776 
5.49744 
5.65625 
5.81398 
5.97042 
6.12537 
6.27861 
6.42994 
6.57916 
6.72605 
6.87042 
7.01208 
7.15081 
7.28643 
7.41876 
7.54759 
7.67276 
7.79409 
7.9114 
8.02453 
8.13333 
8.23763 
8.33729 
8.43216 
8.52213 
8.60706 
8.68682 
8.76132 
8.83045 
8.89411 
8.95221 
9.00469 
9.05146 
9.09248 
9.12768 
9.15703 
9.18048 
9.19803 
9.20964 
9.21531 
9.21506 
9.20888 
9.19679 
9.17884 
9.15505 
9.12547 
9.09016 
9.04919 
9.00261 
8.95052 
8.89301 
8.83017 
8.7621 
8.68891 
8.61073 
8.52768 
8.43989 
8.3475 
8.25066 
8.14951 
8.04421 
7.93493 
7.82181 
7.70505 
7.5848 
7.46126 
7.33459 
7.20498 
7.07263 
6.93771 
6.80042 
6.66095 
6.5195 
6.37625 
6.23141 
6.08516 
5.9377 
5.78923 
5.63993 
5.49 
5.33962 
5.18898 
5.03826 
4.88764 
4.73731 
4.58743 
4.43817 
4.2897 
4.14218 
3.99576 
3.8506 
3.70685 
3.56464 
3.4241 
3.28538 
3.14858 
3.01383 
2.88124 
2.75091 
2.62293 
2.49741 
2.37442 
2.25404 
2.13634 
2.02138 
1.90923 
1.79993 
1.69352 
1.59005 
1.48954 
1.39202 
1.29751 
1.206 
1.11752 
1.03206 
0.949617 
0.870172 
0.793711 
0.720211 
0.649645 
0.58198 
0.517178 
0.455199 
0.395997 
0.339523 
0.285723 
0.234541 
0.185918 
0.139791 
0.0960958 
0.0547646 
0.0157283 
-0.0210845 
-0.0557467 
-0.0883323 
-0.118917 
-0.147577 
-0.174389 
-0.19943 
-0.222779 
-0.244514 
-0.264711 
-0.283448 
-0.300803 
-0.31685 
-0.331667 
-0.345327 
-0.357903 
-0.369468 
-0.380093 
-0.389846 
-0.398796 
-0.407009 
-0.414549 
-0.421479 
-0.42786 
-0.43375 
-0.439206 
-0.444284 
-0.449036 
-0.453513 
-0.457764 
-0.461836 
-0.465773 
-0.469618 
-0.473411 
-0.477192 
-0.480996 
-0.484858 
-0.488811 
-0.492886 
-0.497111 
-0.501513 
-0.506118 
-0.510948 
-0.516026 
-0.521372 
-0.527004 
-0.532938 
-0.539191 
-0.545777 
-0.552707 
-0.559993 
-0.567645 
-0.575672 
-0.584081 
-0.592878 
-0.602068 
-0.611656 
-0.621645 
-0.632037 
-0.642833 
-0.654034 
-0.665639 
-0.677647 
-0.690055 
-0.702863 
-0.716064 
-0.729657 
-0.743636 
-0.757997 
-0.772732 
-0.787836 
-0.803303 
-0.819124 
-0.835292 
-0.851799 
-0.868637 
-0.885796 
-0.903267 
-0.921041 
-0.939108 
-0.957456 
-0.976077 
-0.994958 
-1.01409 
-1.03346 
-1.05305 
-1.07287 
-1.09288 
-1.11309 
-1.13347 
-1.15402 
-1.17472 
-1.19557 
-1.21654 
-1.23762 
-1.25881 
-1.28008 
-1.30143 
-1.32284 
-1.3443 
-1.36579 
-1.3873 
-1.40882 
-1.43033 
-1.45182 
-1.47327 
-1.49467 
-1.51601 
-1.53727 
-1.55844 
-1.5795 
-1.60044 
-1.62125 
-1.6419 
-1.6624 
-1.68272 
-1.70284 
-1.72276 
-1.74245 
-1.76192 
-1.78113 
-1.80008 
-1.81875 
-1.83712 
-1.85519 
-1.87294 
-1.89035 
-1.90741 
-1.9241 
-1.94041 
-1.95633 
-1.97184 
-1.98692 
-2.00156 
-2.01575 
-2.02948 
-2.04272 
-2.05546 
-2.06769 
-2.07939 
-2.09055 
-2.10116 
-2.11119 
-2.12064 
-2.12949 
-2.13773 
-2.14534 
-2.15231 
-2.15862 
-2.16426 
-2.16922 
-2.17349 
-2.17704 
-2.17987 
-2.18196 
-2.18331 
-2.18389 
-2.1837 
-2.18272 
-2.18095 
-2.17837 
-2.17497 
-2.17075 
-2.16568 
-2.15976 
-2.15299 
-2.14535 
-2.13684 
-2.12745 
-2.11717 
-2.10599 
-2.09391 
-2.08093 
-2.06704 
-2.05224 
-2.03652 
-2.01988 
-2.00233 
-1.98385 
-1.96446 
-1.94415 
-1.92293 
-1.90079 
-1.87775 
-1.8538 
-1.82896 
-1.80322 
-1.77661 
-1.74912 
-1.72077 
-1.69157 
-1.66153 
-1.63066 
-1.59898 
-1.5665 
-1.53324 
-1.49922 
-1.46446 
-1.42897 
-1.39277 
-1.3559 
-1.31836 
-1.28019 
-1.2414 
-1.20203 
-1.1621 
-1.12165 
-1.08069 
-1.03925 
-0.997377 
-0.955092 
-0.912429 
-0.869422 
-0.826103 
-0.782509 
-0.738673 
-0.694634 
-0.650426 
-0.606088 
-0.561658 
-0.517173 
-0.472673 
-0.428198 
-0.383786 
-0.339478 
-0.295314 
-0.251335 
-0.207582 
-0.164095 
-0.120915 
-0.0780832 
-0.0356404 
0.00637259 
0.0479152 
0.088947 
0.129428 
0.169318 
0.208577 
0.247168 
0.285051 
0.322187 
0.358541 
0.394075 
0.428753 
0.462539 
0.4954 
0.527302 
0.558211 
0.588097 
0.616929 
0.644676 
0.671311 
0.696806 
0.721134 
0.744271 
0.766193 
0.786878 
0.806304 
0.824451 
0.841302 
0.856839 
0.871046 
0.883911 
0.89542 
0.905562 
0.914329 
0.921711 
0.927703 
0.932301 
0.9355 
0.9373 
0.9377 
0.936703 
0.934312 
0.930531 
0.925367 
0.918828 
0.910925 
0.901667 
0.891069 
0.879145 
0.86591 
0.851382 
0.835581 
0.818526 
0.80024 
0.780746 
0.760069 
0.738235 
0.715271 
0.691206 
0.66607 
0.639895 
0.612713 
0.584558 
0.555464 
0.525468 
0.494605 
0.462914 
0.430435 
0.397205 
0.363266 
0.32866 
0.293428 
0.257613 
0.221258 
0.184407 
0.147105 
0.109397 
0.0713285 
0.0329448 
-0.0057078 
-0.0445829 
-0.0836339 
-0.122814 
-0.162077 
-0.201374 
-0.240661 
-0.279889 
-0.319012 
-0.357984 
-0.396757 
-0.435287 
-0.473528 
-0.511433 
-0.548959 
-0.586062 
-0.622696 
-0.658819 
-0.694389 
-0.729363 
-0.763701 
-0.797362 
-0.830307 
-0.862497 
-0.893895 
-0.924463 
-0.954166 
-0.98297 
-1.01084 
-1.03775 
-1.06366 
-1.08854 
-1.11237 
-1.13511 
-1.15675 
-1.17725 
-1.1966 
-1.21476 
-1.23173 
-1.24748 
-1.26199 
-1.27525 
-1.28725 
-1.29796 
-1.30738 
-1.3155 
-1.32231 
-1.3278 
-1.33197 
-1.33482 
-1.33634 
-1.33653 
-1.33539 
-1.33293 
-1.32915 
-1.32406 
-1.31766 
-1.30996 
-1.30098 
-1.29073 
-1.27921 
-1.26645 
-1.25247 
-1.23727 
-1.22089 
-1.20334 
-1.18465 
-1.16483 
-1.14393 
-1.12195 
-1.09894 
-1.07491 
-1.04991 
-1.02396 
-0.997096 
-0.969352 
-0.940765 
-0.911369 
-0.881204 
-0.850306 
-0.818715 
-0.786471 
-0.753615 
-0.720188 
-0.686234 
-0.651793 
-0.616912 
-0.581632 
-0.545999 
-0.510057 
-0.473853 
-0.437431 
-0.400838 
-0.364119 
-0.327321 
-0.290489 
-0.253671 
-0.216912 
-0.180258 
-0.143756 
-0.107451 
-0.071389 
-0.0356143 
-0.000172064 
0.0348935 
0.0695388 
0.10372 
0.137396 
0.170524 
0.203062 
0.234971 
0.266211 
0.296744 
0.326531 
0.355536 
0.383724 
0.41106 
0.43751 
0.463042 
0.487625 
0.511229 
0.533827 
0.555389 
0.575892 
0.59531 
0.61362 
0.630801 
0.646833 
0.661697 
0.675376 
0.687856 
0.699121 
0.709159 
0.717961 
0.725516 
0.731818 
0.736861 
0.740641 
0.743154 
0.744401 
0.744383 
0.743101 
0.74056 
0.736766 
0.731726 
0.72545 
0.717948 
0.709232 
0.699316 
0.688216 
0.675948 
0.662532 
0.647987 
0.632335 
0.615599 
0.597802 
0.578971 
0.559133 
0.538315 
0.516549 
0.493863 
0.470292 
0.445867 
0.420623 
0.394595 
0.36782 
0.340334 
0.312177 
0.283386 
0.254003 
0.224066 
0.193619 
0.162702 
0.131358 
0.0996303 
0.067562 
0.0351971 
0.0025798 
-0.0302453 
-0.0632336 
-0.0963401 
-0.12952 
-0.162728 
-0.195919 
-0.229048 
-0.262071 
-0.294942 
-0.327618 
-0.360054 
-0.392207 
-0.424034 
-0.455491 
-0.486537 
-0.51713 
-0.547229 
-0.576795 
-0.605787 
-0.634168 
-0.661899 
-0.688944 
-0.715267 
-0.740835 
-0.765612 
-0.789567 
-0.812668 
-0.834886 
-0.856192 
-0.876558 
-0.895958 
-0.914367 
-0.931763 
-0.948123 
-0.963427 
-0.977655 
-0.990792 
-1.00282 
-1.01373 
-1.0235 
-1.03212 
-1.03959 
-1.04589 
-1.05103 
-1.05499 
-1.05778 
-1.05938 
-1.05981 
-1.05906 
-1.05714 
-1.05406 
-1.04981 
-1.04441 
-1.03787 
-1.0302 
-1.02142 
-1.01154 
-1.00057 
-0.98853 
-0.975446 
-0.961335 
-0.94622 
-0.930124 
-0.913073 
-0.895091 
-0.876206 
-0.856448 
-0.835846 
-0.814431 
-0.792235 
-0.76929 
-0.745632 
-0.721294 
-0.696313 
-0.670726 
-0.644569 
-0.617881 
-0.5907 
-0.563067 
-0.535021 
-0.506602 
-0.477851 
-0.44881 
-0.41952 
-0.390023 
-0.360361 
-0.330575 
-0.300709 
-0.270803 
-0.240902 
-0.211046 
-0.181277 
-0.151637 
-0.122168 
-0.0929098 
-0.0639041 
-0.0351907 
-0.00680923 
0.0212011 
0.0488018 
0.0759551 
0.102624 
0.128772 
0.154363 
0.179363 
0.203738 
0.227456 
0.250484 
0.272793 
0.294351 
0.315131 
0.335105 
0.354247 
0.372533 
0.389938 
0.40644 
0.422019 
0.436654 
0.450327 
0.463021 
0.474721 
0.485412 
0.495083 
0.503721 
0.511318 
0.517865 
0.523356 
0.527785 
0.531149 
0.533446 
0.534674 
0.534837 
0.533934 
0.531972 
0.528954 
0.524889 
0.519785 
0.513651 
0.506499 
0.498342 
0.489194 
0.479071 
0.46799 
0.455969 
0.443028 
0.429188 
0.414471 
0.398901 
0.382502 
0.3653 
0.347322 
0.328597 
0.309153 
0.28902 
0.268229 
0.246813 
0.224803 
0.202235 
0.179141 
0.155557 
0.131519 
0.107064 
0.0822272 
0.0570472 
0.0315617 
0.00580886 
-0.0201727 
-0.0463441 
-0.0726662 
-0.0990997 
-0.125605 
-0.152143 
-0.178675 
-0.20516 
-0.23156 
-0.257835 
-0.283947 
-0.309857 
-0.335528 
-0.36092 
-0.385998 
-0.410723 
-0.435061 
-0.458976 
-0.482432 
-0.505396 
-0.527834 
-0.549713 
-0.571003 
-0.591673 
-0.611692 
-0.631033 
-0.649668 
-0.667569 
-0.684713 
-0.701074 
-0.71663 
-0.73136 
-0.745242 
-0.758259 
-0.770391 
-0.781624 
-0.791941 
-0.80133 
-0.809779 
-0.817277 
-0.823814 
-0.829383 
-0.833979 
-0.837595 
-0.84023 
-0.841882 
-0.84255 
-0.842235 
-0.840942 
-0.838673 
-0.835435 
-0.831235 
-0.826082 
-0.819986 
-0.812959 
-0.805013 
-0.796164 
-0.786426 
-0.775817 
-0.764355 
-0.75206 
-0.738952 
-0.725054 
-0.710389 
-0.694981 
-0.678855 
-0.662038 
-0.644557 
-0.62644 
-0.607718 
-0.588419 
-0.568574 
-0.548216 
-0.527377 
-0.506089 
-0.484386 
-0.462302 
-0.439872 
-0.417131 
-0.394114 
-0.370856 
-0.347395 
-0.323765 
-0.300004 
-0.276148 
-0.252233 
-0.228296 
-0.204373 
-0.180501 
-0.156715 
-0.133051 
-0.109546 
-0.0862334 
-0.0631493 
-0.0403276 
-0.0178024 
0.00439305 
0.0262259 
0.0476641 
0.0686761 
0.0892312 
0.1093 
0.128852 
0.14786 
0.166297 
0.184135 
0.20135 
0.217917 
0.233813 
0.249015 
0.263503 
0.277255 
0.290254 
0.302481 
0.31392 
0.324555 
0.334374 
0.343362 
0.351508 
0.358803 
0.365237 
0.370803 
0.375494 
0.379307 
0.382236 
0.384281 
0.38544 
0.385714 
0.385105 
0.383616 
0.381251 
0.378017 
0.37392 
0.368969 
0.363174 
0.356546 
0.349098 
0.340841 
0.331793 
0.321967 
0.311382 
0.300056 
0.288007 
0.275257 
0.261826 
0.247738 
0.233015 
0.217682 
0.201764 
0.185287 
0.168278 
0.150766 
0.132777 
0.114342 
0.0954899 
0.0762513 
0.0566572 
0.0367388 
0.0165283 
-0.00394232 
-0.0246403 
-0.0455326 
-0.0665862 
-0.0877675 
-0.109043 
-0.130379 
-0.151743 
-0.173099 
-0.194415 
-0.215657 
-0.236792 
-0.257786 
-0.278607 
-0.299222 
-0.3196 
-0.339707 
-0.359514 
-0.378989 
-0.398102 
-0.416824 
-0.435125 
-0.452978 
-0.470355 
-0.487229 
-0.503575 
-0.519368 
-0.534584 
-0.5492 
-0.563194 
-0.576544 
-0.589232 
-0.601237 
-0.612543 
-0.623133 
-0.632992 
-0.642105 
-0.650459 
-0.658044 
-0.664847 
-0.670861 
-0.676077 
-0.680489 
-0.684091 
-0.68688 
-0.688852 
-0.690008 
-0.690345 
-0.689867 
-0.688575 
-0.686474 
-0.683568 
-0.679865 
-0.675371 
-0.670097 
-0.664052 
-0.657247 
-0.649697 
-0.641414 
-0.632413 
-0.622711 
-0.612325 
-0.601273 
-0.589574 
-0.57725 
-0.56432 
-0.550808 
-0.536737 
-0.522129 
-0.507011 
-0.491408 
-0.475345 
-0.45885 
-0.441951 
-0.424674 
-0.40705 
-0.389106 
-0.370873 
-0.352381 
-0.333659 
-0.314738 
-0.29565 
-0.276425 
-0.257093 
-0.237687 
-0.218238 
-0.198776 
-0.179333 
-0.15994 
-0.140628 
-0.121427 
-0.102368 
-0.0834811 
-0.0647956 
-0.0463409 
-0.0281461 
-0.0102395 
0.00735108 
0.0245984 
0.0414757 
0.057957 
0.0740171 
0.0896314 
0.104776 
0.119428 
0.133566 
0.147167 
0.160212 
0.172681 
0.184557 
0.19582 
0.206455 
0.216447 
0.225781 
0.234443 
0.242423 
0.249707 
0.256288 
0.262155 
0.267301 
0.27172 
0.275407 
0.278356 
0.280566 
0.282035 
0.282761 
0.282746 
0.281991 
0.280499 
0.278274 
0.275322 
0.271649 
0.267263 
0.262171 
0.256385 
0.249915 
0.242772 
0.23497 
0.226522 
0.217445 
0.207753 
0.197464 
0.186596 
0.175167 
0.163197 
0.150707 
0.137717 
0.124251 
0.11033 
0.0959784 
0.0812201 
0.0660799 
0.0505831 
0.0347555 
0.0186237 
0.00221426 
-0.0144455 
-0.0313279 
-0.0484052 
-0.065649 
-0.0830311 
-0.100523 
-0.118095 
-0.13572 
-0.153368 
-0.17101 
-0.188618 
-0.206162 
-0.223615 
-0.240947 
-0.258131 
-0.275139 
-0.291944 
-0.308517 
-0.324833 
-0.340865 
-0.356588 
-0.371975 
-0.387003 
-0.401648 
-0.415886 
-0.429694 
-0.443051 
-0.455935 
-0.468327 
-0.480207 
-0.491556 
-0.502356 
-0.512591 
-0.522246 
-0.531304 
-0.539754 
-0.547581 
-0.554774 
-0.561323 
-0.567218 
-0.57245 
-0.577014 
-0.580901 
-0.584107 
-0.586629 
-0.588464 
-0.589609 
-0.590065 
-0.589833 
-0.588914 
-0.58731 
-0.585028 
-0.58207 
-0.578445 
-0.57416 
-0.569222 
-0.563642 
-0.55743 
-0.550599 
-0.54316 
-0.535127 
-0.526516 
-0.517342 
-0.50762 
-0.49737 
-0.486608 
-0.475354 
-0.463627 
-0.451449 
-0.43884 
-0.425823 
-0.412419 
-0.398652 
-0.384546 
-0.370124 
-0.355412 
-0.340434 
-0.325216 
-0.309784 
-0.294163 
-0.278381 
-0.262462 
-0.246435 
-0.230326 
-0.214161 
-0.197968 
-0.181774 
-0.165605 
-0.149487 
-0.133448 
-0.117513 
-0.10171 
-0.0860624 
-0.0705971 
-0.0553389 
-0.0403125 
-0.0255421 
